samples/negative_unlabelled/n02675077_1130.jpg 4 123 107 258 258 293 132 13 15 295 136 8 8 309 144 8 8
samples/negative_unlabelled/n02675077_1286.jpg 3 221 208 22 22 239 35 5 5 358 330 6 6
samples/negative_unlabelled/n02675077_1615.jpg 1 56 11 233 244
samples/negative_unlabelled/n02675077_1726.jpg 9 5 7 416 416 150 83 33 25 251 82 19 19 114 84 24 24 287 74 27 33 290 80 20 20 157 85 20 20 219 64 8 15 354 205 18 22
samples/negative_unlabelled/n02675077_1850.jpg 3 142 145 217 217 237 241 25 25 222 219 9 9
samples/negative_unlabelled/n02675077_1933.jpg 4 114 117 266 266 190 194 116 116 194 197 110 110 345 318 7 7
samples/negative_unlabelled/n02675077_2094.jpg 1 116 352 10 10
samples/negative_unlabelled/n02675077_2765.jpg 18 2 8 427 420 175 322 11 11 246 321 11 11 120 323 11 11 148 322 11 11 151 325 5 5 216 321 11 11 255 25 10 10 121 383 11 11 40 123 9 10 171 400 11 11 184 402 11 11 93 366 11 11 345 337 11 11 123 386 6 6 174 403 6 6 348 339 6 6 232 155 9 9
samples/negative_unlabelled/n02675077_2967.jpg 4 124 124 135 132 120 120 142 142 185 185 12 12 4 4 374 374
samples/negative_unlabelled/n02675077_3066.jpg 1 60 46 29 30
samples/negative_unlabelled/n02675077_3358.jpg 8 149 150 23 21 145 145 28 28 156 12 11 11 71 265 7 7 269 69 11 11 42 236 11 11 69 263 11 11 200 284 11 11
samples/negative_unlabelled/n02675077_370.jpg 8 242 206 7 6 83 11 454 461 247 226 7 6 253 235 8 5 270 250 6 7 280 148 5 5 290 144 5 5 311 142 5 5
samples/negative_unlabelled/n02675077_3779.jpg 2 303 112 10 10 300 263 14 14
samples/negative_unlabelled/n02675077_4126.jpg 1 62 31 10 5
samples/negative_unlabelled/n02675077_4223.jpg 1 26 22 143 143
samples/negative_unlabelled/n02675077_4287.jpg 3 37 -9 430 376 209 122 7 7 11 8 481 345
samples/negative_unlabelled/n02675077_4498.jpg 2 180 6 13 13 288 31 16 16
samples/negative_unlabelled/n02675077_540.jpg 4 0 1 364 362 119 118 126 126 184 277 12 12 160 158 46 46
samples/negative_unlabelled/n02675077_671.jpg 2 120 128 167 166 52 62 298 298
samples/negative_unlabelled/n02675077_730.jpg 8 427 337 12 12 423 332 22 22 455 391 11 11 388 391 12 12 410 402 7 11 428 394 7 7 426 391 12 12 391 393 6 6
samples/negative_unlabelled/n02675077_973.jpg 8 181 187 27 24 14 17 364 364 222 68 10 10 179 183 33 33 163 125 9 12 31 32 333 334 25 27 344 344 347 163 5 5
samples/negative_unlabelled/n02890188_1069.jpg 3 229 111 18 14 137 114 19 14 235 192 16 19
samples/negative_unlabelled/n02890188_1114.jpg 6 58 40 42 42 65 48 28 27 53 35 52 52 46 50 6 6 60 30 7 7 106 66 7 7
samples/negative_unlabelled/n02890188_1337.jpg 2 80 83 93 91 112 114 28 28
samples/negative_unlabelled/n02890188_1406.jpg 1 242 112 15 12
samples/negative_unlabelled/n02890188_1475.jpg 1 291 191 101 103
samples/negative_unlabelled/n02890188_1516.jpg 27 10 328 7 9 23 333 9 7 6 317 7 8 59 201 7 8 182 207 7 7 188 197 7 7 7 177 6 6 268 228 13 17 230 217 9 9 268 325 9 9 243 185 11 10 457 200 8 10 286 147 6 6 253 170 6 6 76 321 9 9 320 347 11 11 347 263 9 9 416 150 8 8 403 145 8 9 462 224 7 6 347 354 8 8 386 346 8 8 411 341 12 11 470 258 6 7 472 268 9 8 443 307 12 13 427 339 9 10
samples/negative_unlabelled/n02890188_1569.jpg 2 413 266 5 6 307 159 7 7
samples/negative_unlabelled/n02890188_1653.jpg 37 137 73 6 6 138 88 6 6 288 267 6 6 132 299 6 6 331 230 6 6 309 289 6 6 251 311 5 5 335 261 6 6 241 321 6 6 309 245 6 6 166 315 6 6 362 189 6 6 226 27 6 6 313 275 6 6 350 140 6 6 313 258 6 6 263 283 6 6 324 218 6 6 277 309 6 6 300 54 6 6 163 294 6 6 349 213 6 6 306 103 6 6 322 129 6 6 342 165 6 6 225 60 6 6 134 277 6 6 330 158 6 6 148 273 6 6 118 278 6 6 235 49 6 6 349 114 6 6 125 253 6 6 337 106 6 6 173 90 7 7 213 35 6 6 267 58 7 7
samples/negative_unlabelled/n02890188_176.jpg 7 380 211 13 10 372 250 12 12 373 187 4 4 323 294 10 18 272 226 8 8 143 250 9 9 303 214 9 9
samples/negative_unlabelled/n02890188_1817.jpg 11 446 264 15 15 450 138 12 13 315 254 14 15 462 151 12 13 468 237 16 12 429 274 15 15 460 250 13 16 470 168 14 11 390 283 16 14 370 281 16 15 351 274 13 17
samples/negative_unlabelled/n02890188_2076.jpg 13 148 110 7 7 127 96 7 7 71 85 11 11 191 171 9 9 131 208 9 7 169 192 10 7 187 63 7 10 114 204 10 7 49 153 9 7 143 202 9 8 178 49 5 11 86 195 9 7 89 44 10 5
samples/negative_unlabelled/n02890188_2129.jpg 4 101 21 290 292 244 130 13 13 266 179 13 13 234 195 13 13
samples/negative_unlabelled/n02890188_2199.jpg 6 241 130 34 34 108 338 27 27 138 345 10 10 95 346 10 10 219 345 19 19 359 336 11 11
samples/negative_unlabelled/n02890188_2221.jpg 7 62 155 111 111 24 131 187 183 396 169 112 106 356 149 191 170 239 336 11 14 470 337 11 14 412 211 7 7
samples/negative_unlabelled/n02890188_2308.jpg 10 48 242 112 112 75 271 57 60 55 208 13 20 173 250 17 14 100 183 56 68 55 245 97 111 59 46 16 16 189 16 17 17 283 101 16 16 279 75 17 17
samples/negative_unlabelled/n02890188_2360.jpg 6 209 179 15 15 139 76 203 203 234 196 15 15 259 178 15 15 248 148 15 15 212 182 8 8
samples/negative_unlabelled/n02890188_2398.jpg 10 204 237 17 17 297 158 50 50 394 45 17 17 389 120 8 8 317 23 17 17 456 267 41 43 183 98 16 16 240 43 16 16 451 263 50 50 326 259 26 26
samples/negative_unlabelled/n02890188_2474.jpg 2 241 166 29 29 143 205 10 10
samples/negative_unlabelled/n02890188_2503.jpg 1 217 248 8 8
samples/negative_unlabelled/n02890188_2547.jpg 2 246 26 20 10 108 390 6 6
samples/negative_unlabelled/n02890188_2605.jpg 1 63 41 34 35
samples/negative_unlabelled/n02890188_274.jpg 1 360 434 9 9
samples/negative_unlabelled/n02890188_2793.jpg 3 303 244 8 8 433 195 7 7 433 163 7 8
samples/negative_unlabelled/n02890188_2871.jpg 7 169 225 23 23 251 49 25 27 257 13 26 26 216 50 24 26 149 196 22 24 177 176 22 25 394 309 5 5
samples/negative_unlabelled/n02890188_2996.jpg 1 303 210 7 10
samples/negative_unlabelled/n02890188_3056.jpg 5 333 153 18 18 188 201 20 20 215 145 19 19 352 212 20 20 245 206 59 59
samples/negative_unlabelled/n02890188_3105.jpg 5 345 130 45 26 357 207 12 13 528 68 15 8 572 227 10 17 78 945 14 15
samples/negative_unlabelled/n02890188_3196.jpg 1 373 52 10 11
samples/negative_unlabelled/n02890188_3234.jpg 1 268 99 6 6
samples/negative_unlabelled/n02890188_3346.jpg 3 249 153 48 50 315 172 17 22 436 12 9 9
samples/negative_unlabelled/n02890188_3388.jpg 9 215 265 45 42 253 372 7 5 258 382 7 7 198 404 6 5 261 368 7 7 215 405 6 6 242 384 6 6 185 316 11 14 148 371 5 5
samples/negative_unlabelled/n02890188_3458.jpg 2 233 231 6 6 251 298 6 6
samples/negative_unlabelled/n02890188_36.jpg 8 361 228 71 71 301 168 184 180 195 274 18 18 147 401 13 19 184 121 6 6 700 399 8 8 554 425 6 6 592 447 6 6
samples/negative_unlabelled/n02890188_3680.jpg 1 42 51 22 21
samples/negative_unlabelled/n02890188_376.jpg 3 88 129 76 74 75 198 12 17 79 123 10 15
samples/negative_unlabelled/n02890188_3822.jpg 14 220 418 42 42 173 291 42 42 160 452 18 18 91 320 18 18 118 347 17 17 120 407 17 17 118 232 18 18 127 290 18 18 145 73 11 11 130 115 71 71 187 40 77 77 239 285 14 14 127 111 78 78 168 257 12 12
samples/negative_unlabelled/n02890188_3898.jpg 2 196 109 10 10 236 157 11 11
samples/negative_unlabelled/n02890188_3961.jpg 3 459 174 8 9 323 104 13 14 346 99 14 14
samples/negative_unlabelled/n02890188_4039.jpg 3 264 196 6 6 235 248 13 13 260 224 12 12
samples/negative_unlabelled/n02890188_423.jpg 78 419 99 13 13 314 281 22 22 390 66 12 13 406 82 13 13 430 119 12 12 369 70 13 13 351 56 13 13 470 216 12 12 332 44 13 13 439 139 13 12 167 204 22 22 382 391 11 12 312 34 13 13 59 175 13 13 427 313 12 12 185 183 133 136 385 86 12 12 399 377 12 12 80 368 12 12 170 428 12 12 300 444 12 12 35 286 13 12 35 263 13 13 71 391 13 11 86 408 12 12 60 372 12 12 385 410 12 12 102 423 12 12 187 39 13 13 61 327 12 12 165 45 13 13 411 123 12 12 403 396 11 12 430 343 12 12 38 241 13 13 92 386 12 12 321 422 12 12 419 380 12 12 343 414 11 12 445 271 12 12 446 161 12 12 451 183 12 12 437 293 12 12 106 403 12 12 460 282 12 12 466 261 12 12 421 143 12 12 442 324 12 12 366 422 12 12 450 250 12 12 452 227 12 12 453 205 12 12 50 352 12 12 415 360 12 12 268 465 11 11 321 59 13 13 102 75 13 13 50 196 13 13 268 21 13 13 222 19 13 13 301 50 13 13 168 64 13 13 146 72 13 13 105 95 13 13 67 106 13 13 21 229 13 13 42 218 13 13 17 252 12 12 84 89 13 13 57 145 13 13 44 165 13 13 34 185 13 13 26 207 13 13 210 36 13 13 87 110 13 13 71 127 13 13 136 284 18 18 233 36 13 13
samples/negative_unlabelled/n02890188_438.jpg 1 61 42 102 108
samples/negative_unlabelled/n02890188_4544.jpg 7 60 151 294 294 97 188 219 219 51 145 312 312 138 232 140 140 177 276 63 59 45 144 323 323 615 225 4 10
samples/negative_unlabelled/n02890188_4754.jpg 1 409 180 29 24
samples/negative_unlabelled/n02890188_4795.jpg 6 161 150 28 28 191 107 29 29 242 175 27 28 193 192 27 27 167 156 16 16 200 199 14 14
samples/negative_unlabelled/n02890188_4842.jpg 4 191 322 12 10 200 255 12 11 256 344 12 11 206 279 48 56
samples/negative_unlabelled/n02890188_4917.jpg 1 135 76 14 4
samples/negative_unlabelled/n02890188_4951.jpg 1 -3 293 11 7
samples/negative_unlabelled/n02890188_4999.jpg 3 222 178 12 12 68 200 15 20 425 336 11 11
samples/negative_unlabelled/n02890188_5160.jpg 3 234 56 9 8 5 1 11 7 270 264 8 8
samples/negative_unlabelled/n02890188_5227.jpg 5 286 264 5 8 265 92 7 8 258 140 7 6 255 152 7 7 281 254 5 8
samples/negative_unlabelled/n02890188_5328.jpg 7 155 74 26 26 18 57 60 60 182 88 6 6 27 80 6 6 16 55 66 66 63 76 5 5 58 97 6 6
samples/negative_unlabelled/n02890188_5361.jpg 5 44 232 15 15 164 96 13 13 34 150 9 8 69 25 15 15 212 192 20 19
samples/negative_unlabelled/n02890188_5460.jpg 3 202 361 13 9 135 353 13 9 31 285 13 8
samples/negative_unlabelled/n02890188_5742.jpg 17 418 319 16 16 316 173 18 19 443 144 16 16 265 17 14 16 325 283 18 18 224 326 18 17 452 274 16 16 85 348 14 15 139 88 15 16 209 148 17 18 437 185 16 16 49 289 15 15 152 242 16 17 228 45 15 14 211 202 83 83 381 74 16 16 261 429 13 15
samples/negative_unlabelled/n02890188_590.jpg 1 361 250 6 6
samples/negative_unlabelled/n02890188_5993.jpg 2 419 197 13 13 95 162 13 13
samples/negative_unlabelled/n02890188_6050.jpg 4 134 186 19 13 150 165 16 17 291 19 11 16 141 221 13 19
samples/negative_unlabelled/n02890188_6137.jpg 2 47 126 18 18 125 109 12 12
samples/negative_unlabelled/n02890188_6186.jpg 19 172 155 28 31 275 17 9 9 272 5 9 9 292 41 9 9 208 107 59 30 307 42 9 9 67 95 14 14 113 219 19 19 247 274 11 11 245 259 11 11 297 225 11 11 270 237 11 11 215 277 11 11 182 289 12 12 162 301 12 12 147 296 12 12 198 291 11 11 110 297 12 12 118 223 13 11
samples/negative_unlabelled/n02890188_6228.jpg 4 239 244 26 26 62 2 20 18 134 132 15 15 145 198 14 14
samples/negative_unlabelled/n02890188_6263.jpg 2 292 173 19 19 250 122 10 13
samples/negative_unlabelled/n02890188_6330.jpg 12 263 316 11 11 338 286 10 10 243 309 10 10 318 293 10 10 359 130 10 10 296 296 10 10 144 264 10 10 118 214 10 10 380 158 10 10 321 90 10 10 245 182 17 17 209 239 6 6
samples/negative_unlabelled/n02890188_6419.jpg 2 321 268 10 10 142 8 6 10
samples/negative_unlabelled/n02890188_6502.jpg 1 109 -1 8 8
samples/negative_unlabelled/n02890188_6691.jpg 3 137 144 6 9 97 150 8 9 96 101 7 7
samples/negative_unlabelled/n02890188_6812.jpg 4 231 200 15 16 219 232 20 12 266 201 17 10 271 246 5 9
samples/negative_unlabelled/n02890188_6980.jpg 2 134 325 10 10 123 352 59 60
samples/negative_unlabelled/n02890188_7016.jpg 2 301 20 8 7 67 171 10 10
samples/negative_unlabelled/n02890188_7057.jpg 1 14 289 18 18
samples/negative_unlabelled/n02890188_7157.jpg 1 72 143 6 7
samples/negative_unlabelled/n02890188_719.jpg 1 1 41 5 8
samples/negative_unlabelled/n02890188_7295.jpg 3 107 178 10 10 289 127 13 15 230 85 13 13
samples/negative_unlabelled/n02890188_7339.jpg 2 332 210 18 19 251 290 19 19
samples/negative_unlabelled/n02890188_75.jpg 6 220 60 10 10 242 163 9 9 230 182 26 26 109 196 9 8 318 265 13 13 342 353 10 10
samples/negative_unlabelled/n02890188_7541.jpg 4 194 141 66 68 228 219 14 13 210 118 15 15 178 142 10 10
samples/negative_unlabelled/n02890188_7635.jpg 2 379 180 7 7 262 188 8 8
samples/negative_unlabelled/n02890188_7935.jpg 3 282 73 7 10 155 87 6 7 150 258 7 6
samples/negative_unlabelled/n02890188_808.jpg 5 110 258 5 5 100 209 5 5 429 153 18 10 462 176 9 9 336 84 7 7
samples/negative_unlabelled/n02890188_836.jpg 1 45 42 62 63
samples/negative_unlabelled/n02890188_8474.jpg 1 108 431 5 5
samples/negative_unlabelled/n02890188_8605.jpg 8 234 51 15 13 238 54 6 6 351 142 9 16 300 64 10 9 12 253 9 6 295 56 21 21 321 42 20 21 326 47 10 10
samples/negative_unlabelled/n02890188_8688.jpg 1 219 137 6 6
samples/negative_unlabelled/n02890188_8771.jpg 4 58 239 47 47 188 7 7 10 173 4 9 9 124 2 10 9
samples/negative_unlabelled/n02890188_8807.jpg 5 414 236 6 6 422 238 6 6 430 232 6 6 102 127 8 8 236 221 6 6
samples/negative_unlabelled/n02890188_8910.jpg 1 67 233 225 225
samples/negative_unlabelled/n02890188_9000.jpg 4 116 143 12 12 297 84 18 23 301 91 10 8 236 33 10 10
samples/negative_unlabelled/n02890188_9130.jpg 1 384 63 15 14
samples/negative_unlabelled/n02890188_9206.jpg 1 203 213 10 10
samples/negative_unlabelled/n02890188_93.jpg 3 193 113 7 7 102 201 7 7 152 166 9 9
samples/negative_unlabelled/n02890188_947.jpg 1 191 474 7 7
samples/negative_unlabelled/n02890188_9602.jpg 3 311 130 5 5 323 133 5 5 319 223 5 5
samples/negative_unlabelled/n02890188_9693.jpg 12 287 95 6 6 339 119 6 6 335 95 6 6 339 142 6 6 262 59 6 6 388 146 6 6 359 215 5 5 173 67 5 5 153 69 5 5 210 76 6 6 337 285 5 5 174 183 15 17
samples/negative_unlabelled/n02890188_9957.jpg 2 153 134 34 34 230 64 6 7
samples/negative_unlabelled/n03032811_10559.jpg 9 242 337 11 10 117 319 7 7 344 344 7 7 358 322 11 9 376 351 8 13 160 295 7 7 82 343 9 9 25 350 10 11 398 340 8 9
samples/negative_unlabelled/n03032811_11077.jpg 2 217 158 6 8 170 155 13 13
samples/negative_unlabelled/n03032811_1153.jpg 11 206 245 9 9 29 74 243 246 89 135 123 123 65 76 20 5 63 304 18 18 100 146 101 101 177 83 17 17 40 148 17 17 39 228 17 17 108 84 17 17 121 297 17 17
samples/negative_unlabelled/n03032811_12791.jpg 1 353 214 5 5
samples/negative_unlabelled/n03032811_13732.jpg 5 329 98 16 16 12 11 202 200 236 9 207 201 36 32 153 153 250 19 175 175
samples/negative_unlabelled/n03032811_14053.jpg 1 159 66 24 22
samples/negative_unlabelled/n03032811_14652.jpg 1 164 143 8 11
samples/negative_unlabelled/n03032811_15210.jpg 6 79 32 13 13 25 22 13 11 1 68 11 11 76 137 13 10 25 122 11 11 106 92 13 12
samples/negative_unlabelled/n03032811_16530.jpg 36 306 282 9 9 328 259 9 9 339 201 9 9 325 256 16 16 339 232 9 9 336 199 15 14 321 252 22 24 303 279 16 17 336 229 15 15 422 341 8 8 51 246 9 9 77 131 10 8 285 29 8 8 136 219 10 8 337 320 15 20 100 359 9 9 212 423 8 9 54 263 9 9 158 172 8 8 259 380 35 35 175 412 10 10 57 177 9 9 63 162 8 8 69 145 9 9 126 383 9 9 192 35 9 10 267 97 6 6 414 162 22 18 207 354 6 6 50 230 9 9 337 44 9 9 58 283 9 9 79 329 9 9 159 333 6 6 136 297 6 6 298 372 34 34
samples/negative_unlabelled/n03032811_1807.jpg 6 348 192 24 31 130 142 27 20 200 137 22 30 128 85 27 20 341 16 35 21 77 121 14 14
samples/negative_unlabelled/n03032811_18442.jpg 4 414 132 38 27 63 284 39 38 244 97 25 33 207 16 22 15
samples/negative_unlabelled/n03032811_1869.jpg 1 487 306 7 7
samples/negative_unlabelled/n03032811_20566.jpg 1 112 228 6 6
samples/negative_unlabelled/n03032811_21007.jpg 3 281 39 10 10 348 59 9 8 139 242 10 10
samples/negative_unlabelled/n03032811_22588.jpg 1 268 29 14 19
samples/negative_unlabelled/n03032811_22976.jpg 3 324 61 16 15 327 64 9 9 412 209 7 7
samples/negative_unlabelled/n03032811_23625.jpg 3 310 173 7 7 148 382 10 10 121 311 51 66
samples/negative_unlabelled/n03032811_24269.jpg 3 65 45 413 412 73 52 398 398 37 12 468 470
samples/negative_unlabelled/n03032811_25116.jpg 5 261 202 29 29 293 239 29 29 172 279 28 28 253 319 29 29 204 315 28 28
samples/negative_unlabelled/n03032811_26662.jpg 1 423 254 29 29
samples/negative_unlabelled/n03032811_28942.jpg 3 106 205 8 6 137 188 6 6 468 230 5 5
samples/negative_unlabelled/n03032811_29576.jpg 1 193 116 222 222
samples/negative_unlabelled/n03032811_29778.jpg 1 52 80 8 6
samples/negative_unlabelled/n03032811_29972.jpg 1 155 111 179 162
samples/negative_unlabelled/n03032811_30779.jpg 1 173 200 16 10
samples/negative_unlabelled/n03032811_31119.jpg 1 221 448 11 11
samples/negative_unlabelled/n03032811_32422.jpg 4 250 80 19 20 287 99 21 21 330 177 22 22 328 220 21 20
samples/negative_unlabelled/n03032811_33162.jpg 1 394 237 18 18
samples/negative_unlabelled/n03032811_33511.jpg 1 236 153 7 7
samples/negative_unlabelled/n03032811_34851.jpg 1 292 110 38 30
samples/negative_unlabelled/n03032811_4565.jpg 18 81 209 9 9 101 329 9 9 95 342 10 10 90 358 12 12 358 359 8 8 225 452 14 14 186 57 12 12 169 26 16 16 153 60 12 12 163 71 11 11 61 180 13 13 446 371 18 18 381 52 18 18 471 334 19 19 413 177 9 9 478 367 21 21 446 31 28 28 395 3 25 25
samples/negative_unlabelled/n03032811_5914.jpg 44 73 295 11 17 268 544 16 16 97 421 11 18 97 400 11 15 450 360 5 5 445 378 5 5 453 341 5 5 378 468 5 5 410 195 5 5 311 494 5 5 406 443 5 5 223 486 5 5 293 496 5 5 438 396 5 5 179 169 5 5 296 136 5 5 451 282 5 5 382 169 5 5 346 485 5 5 447 263 5 5 240 492 5 5 209 151 5 5 257 495 5 5 124 384 5 5 118 259 5 5 419 429 5 5 315 138 5 5 207 478 5 5 114 349 5 5 140 417 5 5 163 446 5 5 176 458 5 5 125 241 5 5 154 195 5 5 112 330 5 5 450 316 13 13 275 132 13 13 131 220 12 12 363 155 13 13 129 397 12 12 426 409 13 13 187 464 12 12 192 155 12 12 271 492 13 13
samples/negative_unlabelled/n03032811_6449.jpg 1 31 23 360 360
samples/negative_unlabelled/n03032811_785.jpg 1 348 231 107 96
samples/negative_unlabelled/n03032811_8544.jpg 1 43 14 305 305
samples/negative_unlabelled/n03032811_9318.jpg 4 659 215 5 8 653 550 14 14 594 447 10 8 439 699 13 13
samples/negative_unlabelled/n03032811_9915.jpg 3 269 442 8 9 568 800 8 8 449 360 9 9
samples/negative_unlabelled/n03165955_3956.jpg 1 151 308 8 8
samples/negative_unlabelled/n03189311_3262.jpg 1 203 45 11 12
samples/negative_unlabelled/n03397947_10071.jpg 2 37 360 6 6 165 374 6 6
samples/negative_unlabelled/n03397947_10283.jpg 1 165 101 167 167
samples/negative_unlabelled/n03397947_10527.jpg 1 243 355 6 6
samples/negative_unlabelled/n03397947_10705.jpg 1 86 237 14 10
samples/negative_unlabelled/n03397947_10828.jpg 4 152 466 13 10 1 79 23 37 57 145 19 19 71 71 22 22
samples/negative_unlabelled/n03397947_10998.jpg 2 380 58 6 6 87 11 7 7
samples/negative_unlabelled/n03397947_11434.jpg 1 138 319 8 8
samples/negative_unlabelled/n03397947_11683.jpg 2 422 152 8 8 455 175 6 6
samples/negative_unlabelled/n03397947_12230.jpg 1 106 330 9 9
samples/negative_unlabelled/n03397947_1803.jpg 1 158 304 11 9
samples/negative_unlabelled/n03397947_2192.jpg 1 416 113 6 6
samples/negative_unlabelled/n03397947_2446.jpg 1 237 -1 7 7
samples/negative_unlabelled/n03397947_2586.jpg 2 242 142 9 9 32 110 11 11
samples/negative_unlabelled/n03397947_2881.jpg 1 105 167 7 6
samples/negative_unlabelled/n03397947_3.jpg 4 267 0 9 9 355 138 10 10 5 144 8 8 4 40 8 8
samples/negative_unlabelled/n03397947_3153.jpg 1 279 228 7 7
samples/negative_unlabelled/n03397947_3249.jpg 1 328 110 55 25
samples/negative_unlabelled/n03397947_3732.jpg 1 265 359 24 8
samples/negative_unlabelled/n03397947_3812.jpg 1 311 117 23 31
samples/negative_unlabelled/n03397947_3950.jpg 10 129 60 7 7 31 238 6 6 54 211 8 9 153 128 6 6 138 117 7 7 117 168 7 7 258 233 9 9 93 188 7 7 68 44 7 7 118 221 5 5
samples/negative_unlabelled/n03397947_4284.jpg 1 132 199 53 53
samples/negative_unlabelled/n03397947_4516.jpg 2 152 92 21 22 157 96 10 12
samples/negative_unlabelled/n03397947_5288.jpg 1 64 375 8 8
samples/negative_unlabelled/n03397947_5538.jpg 2 293 199 6 6 110 25 5 5
samples/negative_unlabelled/n03397947_6179.jpg 1 205 117 6 6
samples/negative_unlabelled/n03397947_6263.jpg 3 252 57 8 8 0 57 7 7 208 29 10 8
samples/negative_unlabelled/n03397947_6417.jpg 1 37 59 51 42
samples/negative_unlabelled/n03397947_648.jpg 1 413 235 6 6
samples/negative_unlabelled/n03397947_6765.jpg 4 250 341 21 13 5 258 13 13 2 246 11 11 315 260 10 11
samples/negative_unlabelled/n03397947_7156.jpg 1 374 19 68 68
samples/negative_unlabelled/n03397947_7218.jpg 1 295 70 6 6
samples/negative_unlabelled/n03397947_7385.jpg 1 1 13 10 12
samples/negative_unlabelled/n03397947_7448.jpg 1 143 172 31 26
samples/negative_unlabelled/n03397947_7928.jpg 3 277 110 11 12 465 117 6 6 465 118 6 6
samples/negative_unlabelled/n03397947_816.jpg 2 439 81 7 7 172 154 8 8
samples/negative_unlabelled/n03397947_8842.jpg 1 438 232 10 10
samples/negative_unlabelled/n03397947_9255.jpg 2 348 108 15 15 258 5 27 27
samples/negative_unlabelled/n03397947_94.jpg 2 210 257 63 65 206 254 70 72
samples/negative_unlabelled/n03397947_980.jpg 2 190 76 17 14 347 7 6 6
samples/negative_unlabelled/n03397947_9884.jpg 5 67 166 11 11 399 4 11 11 75 81 13 13 89 89 10 10 285 45 12 12
samples/negative_unlabelled/n03954393_10111.jpg 1 316 41 127 122
samples/negative_unlabelled/n03954393_1223.jpg 1 5 4 264 264
samples/negative_unlabelled/n03954393_1288.jpg 2 4 7 427 427 180 191 65 88
samples/negative_unlabelled/n03954393_1427.jpg 2 3 3 120 120 125 3 118 120
samples/negative_unlabelled/n03954393_1526.jpg 1 874 179 5 6
samples/negative_unlabelled/n03954393_1600.jpg 1 162 380 12 10
samples/negative_unlabelled/n03954393_1724.jpg 2 3 4 242 242 253 4 240 240
samples/negative_unlabelled/n03954393_206.jpg 1 16 10 220 220
samples/negative_unlabelled/n03954393_2393.jpg 1 77 19 12 10
samples/negative_unlabelled/n03954393_2448.jpg 1 9 0 477 481
samples/negative_unlabelled/n03954393_269.jpg 3 228 38 22 17 150 102 6 6 211 85 6 6
samples/negative_unlabelled/n03954393_289.jpg 2 360 22 19 18 363 25 14 14
samples/negative_unlabelled/n03954393_3037.jpg 2 284 34 18 16 3 0 589 589
samples/negative_unlabelled/n03954393_3160.jpg 1 11 -1 243 243
samples/negative_unlabelled/n03954393_3268.jpg 1 3 4 346 346
samples/negative_unlabelled/n03954393_3336.jpg 1 292 79 26 30
samples/negative_unlabelled/n03954393_3444.jpg 1 301 7 293 289
samples/negative_unlabelled/n03954393_354.jpg 1 95 119 144 146
samples/negative_unlabelled/n03954393_3723.jpg 1 5 2 412 412
samples/negative_unlabelled/n03954393_3910.jpg 1 435 98 7 6
samples/negative_unlabelled/n03954393_4166.jpg 1 339 168 21 20
samples/negative_unlabelled/n03954393_4344.jpg 1 9 104 173 137
samples/negative_unlabelled/n03954393_447.jpg 1 141 398 10 10
samples/negative_unlabelled/n03954393_4708.jpg 1 2 2 146 146
samples/negative_unlabelled/n03954393_4899.jpg 1 13 9 472 472
samples/negative_unlabelled/n03954393_4993.jpg 1 6 2 140 136
samples/negative_unlabelled/n03954393_5275.jpg 5 345 109 69 69 342 109 72 72 82 107 77 77 349 114 61 61 336 194 27 27
samples/negative_unlabelled/n03954393_5517.jpg 2 253 4 244 244 3 4 243 243
samples/negative_unlabelled/n03954393_5600.jpg 1 261 12 258 258
samples/negative_unlabelled/n03954393_568.jpg 1 336 90 20 21
samples/negative_unlabelled/n03954393_5885.jpg 1 6 -1 484 486
samples/negative_unlabelled/n03954393_600.jpg 1 457 160 10 24
samples/negative_unlabelled/n03954393_6068.jpg 1 304 3 294 295
samples/negative_unlabelled/n03954393_629.jpg 7 129 276 179 166 133 281 170 156 166 198 11 13 125 262 188 198 83 240 11 13 142 358 7 7 213 391 8 8
samples/negative_unlabelled/n03954393_6370.jpg 5 97 262 255 249 188 109 13 13 242 154 14 16 315 155 16 15 282 53 11 11
samples/negative_unlabelled/n03954393_6572.jpg 1 5 2 423 423
samples/negative_unlabelled/n03954393_6645.jpg 5 384 344 18 17 146 386 19 20 106 355 20 18 57 248 17 17 69 305 18 18
samples/negative_unlabelled/n03954393_6700.jpg 1 6 6 261 261
samples/negative_unlabelled/n03954393_6777.jpg 1 13 16 269 269
samples/negative_unlabelled/n03954393_6914.jpg 1 5 6 245 243
samples/negative_unlabelled/n03954393_6959.jpg 43 686 566 8 8 594 137 10 10 215 553 8 8 615 252 7 7 610 131 19 11 625 139 8 8 756 357 7 11 763 345 8 8 710 287 9 9 723 277 6 6 267 582 9 9 232 570 6 6 714 252 7 7 722 434 12 12 486 61 10 10 767 525 10 14 729 556 9 9 644 551 8 8 666 233 7 10 670 221 8 6 661 167 10 10 620 294 7 7 721 459 8 8 643 443 7 7 646 263 7 7 627 103 8 8 53 556 8 8 573 69 21 8 354 24 8 8 711 542 8 8 787 453 6 6 474 13 6 8 739 476 7 7 61 362 9 9 777 211 8 8 117 105 10 10 659 567 7 7 210 19 7 7 67 124 7 7 114 141 9 9 209 530 6 6 219 517 9 9 528 572 9 9
samples/negative_unlabelled/n03954393_7233.jpg 1 -7 6 126 160
samples/negative_unlabelled/n03954393_7621.jpg 2 241 13 228 221 7 11 225 230
samples/negative_unlabelled/n03954393_782.jpg 1 127 341 9 11
samples/negative_unlabelled/n03954393_8637.jpg 1 23 14 218 218
samples/negative_unlabelled/n03954393_8720.jpg 1 236 1 219 219
samples/negative_unlabelled/n03954393_8817.jpg 3 275 16 264 263 7 15 264 263 447 46 22 22
samples/negative_unlabelled/n03954393_8867.jpg 1 7 1 181 184
samples/negative_unlabelled/n03954393_910.jpg 2 288 59 7 7 140 44 12 12
samples/negative_unlabelled/n03954393_9648.jpg 2 12 9 229 228 257 9 232 232
samples/negative_unlabelled/n03954393_996.jpg 4 365 291 24 24 369 294 17 19 401 343 17 19 17 463 264 146
samples/negative_unlabelled/n04349189_1069.jpg 1 161 71 9 8
samples/negative_unlabelled/n04349189_1285.jpg 3 63 171 11 11 103 81 18 18 68 220 19 18
samples/negative_unlabelled/n04349189_1405.jpg 1 265 182 13 9
samples/negative_unlabelled/n04349189_1566.jpg 3 331 82 19 20 333 104 17 17 311 99 17 17
samples/negative_unlabelled/n04349189_1731.jpg 1 69 17 6 6
samples/negative_unlabelled/n04349189_1876.jpg 3 322 109 7 7 225 253 6 6 252 235 10 7
samples/negative_unlabelled/n04349189_1967.jpg 5 63 323 43 48 71 333 28 28 332 289 6 6 407 176 5 5 368 400 6 6
samples/negative_unlabelled/n04349189_2028.jpg 1 2 0 63 63
samples/negative_unlabelled/n04349189_2217.jpg 1 147 284 23 23
samples/negative_unlabelled/n04349189_2501.jpg 1 36 55 524 524
samples/negative_unlabelled/n04349189_2719.jpg 4 238 165 6 6 244 151 7 7 316 236 7 7 318 152 6 6
samples/negative_unlabelled/n04349189_281.jpg 1 3 3 97 97
samples/negative_unlabelled/n04349189_2929.jpg 5 114 15 42 41 34 57 7 7 45 213 13 13 95 69 43 45 79 139 45 45
samples/negative_unlabelled/n04349189_3050.jpg 2 230 386 6 6 199 349 6 6
samples/negative_unlabelled/n04349189_316.jpg 1 158 138 9 11
samples/negative_unlabelled/n04349189_3284.jpg 1 4 8 188 188
samples/negative_unlabelled/n04349189_3530.jpg 1 118 26 8 12
samples/negative_unlabelled/n04349189_450.jpg 3 55 113 57 57 350 120 70 71 152 27 70 70
samples/negative_unlabelled/n04349189_536.jpg 1 33 17 76 54
samples/negative_unlabelled/n04349189_884.jpg 1 160 97 10 10
samples/negative_unlabelled/n04448361_10005.jpg 3 173 107 126 125 132 67 207 207 332 74 31 31
samples/negative_unlabelled/n04448361_10184.jpg 5 282 145 9 9 206 178 12 10 262 140 10 10 279 142 17 17 258 137 18 18
samples/negative_unlabelled/n04448361_10324.jpg 7 834 315 27 27 840 322 14 14 763 374 27 27 725 394 14 14 770 381 14 14 818 366 8 8 601 381 8 8
samples/negative_unlabelled/n04448361_10495.jpg 22 9 6 483 483 143 194 10 10 232 316 33 27 159 179 13 13 211 68 11 11 321 171 13 13 336 187 13 13 353 196 13 13 364 110 11 11 258 419 27 36 279 362 20 32 309 375 10 10 58 360 6 6 136 155 7 7 401 372 12 12 257 182 9 9 470 233 7 6 411 94 7 7 131 56 8 8 290 26 7 7 469 221 6 6 395 409 7 7
samples/negative_unlabelled/n04448361_10556.jpg 4 82 141 14 10 141 134 11 13 137 101 21 17 163 76 9 9
samples/negative_unlabelled/n04448361_10691.jpg 1 173 211 14 12
samples/negative_unlabelled/n04448361_1090.jpg 1 39 11 154 154
samples/negative_unlabelled/n04448361_10956.jpg 2 19 13 160 157 197 13 159 159
samples/negative_unlabelled/n04448361_11091.jpg 1 7 11 425 423
samples/negative_unlabelled/n04448361_11177.jpg 2 410 290 18 5 180 110 9 7
samples/negative_unlabelled/n04448361_1146.jpg 2 82 108 158 143 263 201 98 123
samples/negative_unlabelled/n04448361_1178.jpg 4 254 265 6 6 231 252 6 6 203 321 6 6 255 266 6 6
samples/negative_unlabelled/n04448361_12416.jpg 1 186 151 12 12
samples/negative_unlabelled/n04448361_1263.jpg 1 9 4 86 87
samples/negative_unlabelled/n04448361_1401.jpg 1 125 134 232 232
samples/negative_unlabelled/n04448361_1513.jpg 7 108 185 91 15 207 75 7 7 98 155 8 7 149 102 7 7 244 71 8 8 181 84 8 8 115 132 7 8
samples/negative_unlabelled/n04448361_1690.jpg 1 381 490 9 9
samples/negative_unlabelled/n04448361_1784.jpg 3 47 39 249 251 17 160 11 8 2 0 337 332
samples/negative_unlabelled/n04448361_1912.jpg 1 16 16 120 119
samples/negative_unlabelled/n04448361_2051.jpg 1 26 71 7 7
samples/negative_unlabelled/n04448361_2134.jpg 2 83 289 9 7 107 333 14 6
samples/negative_unlabelled/n04448361_2220.jpg 7 123 70 201 201 244 152 13 16 206 159 10 6 214 180 11 11 216 182 6 6 143 193 7 7 199 85 6 8
samples/negative_unlabelled/n04448361_2368.jpg 2 -1 9 477 483 39 332 20 22
samples/negative_unlabelled/n04448361_2400.jpg 1 5 7 137 133
samples/negative_unlabelled/n04448361_2488.jpg 3 15 14 364 364 120 161 6 6 43 229 6 6
samples/negative_unlabelled/n04448361_2850.jpg 11 336 273 9 9 308 318 8 8 327 292 8 8 67 100 9 18 34 101 8 8 124 249 8 8 242 183 7 7 274 71 8 9 215 169 7 7 348 232 8 8 349 188 8 8
samples/negative_unlabelled/n04448361_2951.jpg 1 4 5 151 151
samples/negative_unlabelled/n04448361_3102.jpg 1 13 9 70 70
samples/negative_unlabelled/n04448361_3249.jpg 3 58 317 40 37 69 326 19 15 10 72 374 374
samples/negative_unlabelled/n04448361_3352.jpg 2 73 89 113 112 101 217 147 147
samples/negative_unlabelled/n04448361_3530.jpg 1 9 7 132 132
samples/negative_unlabelled/n04448361_3631.jpg 1 201 117 10 10
samples/negative_unlabelled/n04448361_3722.jpg 2 8 11 152 151 89 51 13 10
samples/negative_unlabelled/n04448361_3755.jpg 8 369 353 30 33 163 409 30 30 373 361 21 18 77 137 41 39 112 101 40 40 119 110 26 22 85 146 25 22 69 272 8 8
samples/negative_unlabelled/n04448361_3833.jpg 1 161 71 9 8
samples/negative_unlabelled/n04448361_4100.jpg 7 108 185 91 15 207 75 7 7 98 155 8 7 149 102 7 7 244 71 8 8 181 84 8 8 115 132 7 8
samples/negative_unlabelled/n04448361_4194.jpg 1 513 35 24 37
samples/negative_unlabelled/n04448361_4299.jpg 1 8 6 324 324
samples/negative_unlabelled/n04448361_464.jpg 1 214 1115 34 39
samples/negative_unlabelled/n04448361_5109.jpg 1 13 4 159 159
samples/negative_unlabelled/n04448361_5409.jpg 2 117 39 273 273 170 86 18 11
samples/negative_unlabelled/n04448361_5504.jpg 1 241 26 8 8
samples/negative_unlabelled/n04448361_5739.jpg 7 451 344 5 5 363 335 5 5 281 330 17 17 279 328 22 22 620 240 6 6 155 318 9 11 664 272 6 6
samples/negative_unlabelled/n04448361_5845.jpg 5 270 23 9 9 61 315 9 15 266 6 11 9 5 77 13 13 317 23 16 12
samples/negative_unlabelled/n04448361_5976.jpg 3 337 185 42 49 186 291 6 6 60 176 10 8
samples/negative_unlabelled/n04448361_6172.jpg 1 16 14 142 142
samples/negative_unlabelled/n04448361_6309.jpg 1 5 0 334 334
samples/negative_unlabelled/n04448361_6476.jpg 1 5 -1 335 331
samples/negative_unlabelled/n04448361_6899.jpg 6 14 135 89 93 121 111 89 86 149 29 12 9 141 142 12 12 175 258 12 12 342 48 12 12
samples/negative_unlabelled/n04448361_7047.jpg 3 87 73 54 51 89 10 51 51 5 11 50 50
samples/negative_unlabelled/n04448361_7379.jpg 1 73 22 80 80
samples/negative_unlabelled/n04448361_7534.jpg 1 49 44 48 48
samples/negative_unlabelled/n04448361_768.jpg 2 3 0 395 395 298 40 7 7
samples/negative_unlabelled/n04448361_8036.jpg 1 3 -1 86 86
samples/negative_unlabelled/n04448361_8099.jpg 1 433 221 10 10
samples/negative_unlabelled/n04448361_8350.jpg 1 74 6 69 73
samples/negative_unlabelled/n04448361_8451.jpg 1 2 5 491 490
samples/negative_unlabelled/n04448361_8863.jpg 1 329 280 12 7
samples/negative_unlabelled/n04448361_896.jpg 6 396 223 89 89 122 51 88 89 254 233 88 89 57 136 88 86 266 65 55 55 400 228 81 81
samples/negative_unlabelled/n04448361_9032.jpg 1 -3 10 486 482
samples/negative_unlabelled/n04448361_9210.jpg 2 463 225 7 6 482 225 5 5
samples/negative_unlabelled/n04448361_9462.jpg 2 5 10 288 286 305 10 287 287
samples/negative_unlabelled/n04448361_956.jpg 5 127 230 16 17 125 227 21 23 218 135 25 27 232 267 19 24 214 132 34 33
samples/negative_unlabelled/n04448361_9672.jpg 4 4 4 188 188 195 3 188 188 201 9 176 176 96 172 9 9
samples/negative_unlabelled/n04448361_9763.jpg 2 172 146 27 27 176 153 18 13
samples/negative_unlabelled/n04448361_9990.jpg 1 9 12 345 344
samples/negative_unlabelled/n11691046_10137.jpg 3 8 253 10 10 173 22 8 8 11 332 8 8
samples/negative_unlabelled/n11691046_10414.jpg 1 113 457 14 10
samples/negative_unlabelled/n11691046_10895.jpg 6 234 99 12 17 387 94 15 15 462 12 11 8 422 185 10 9 406 126 19 19 221 6 7 7
samples/negative_unlabelled/n11691046_11150.jpg 2 140 140 15 11 354 59 7 7
samples/negative_unlabelled/n11691046_11561.jpg 3 408 44 14 10 20 94 37 37 18 335 8 11
samples/negative_unlabelled/n11691046_12301.jpg 1 149 9 8 9
samples/negative_unlabelled/n11691046_12852.jpg 1 426 284 10 9
samples/negative_unlabelled/n11691046_13026.jpg 5 257 96 7 7 12 322 14 13 287 131 13 13 169 16 14 14 130 437 13 14
samples/negative_unlabelled/n11691046_13351.jpg 3 148 177 8 11 258 298 9 8 84 324 9 7
samples/negative_unlabelled/n11691046_13472.jpg 4 214 -4 18 18 187 55 20 20 215 163 18 18 305 203 20 20
samples/negative_unlabelled/n11691046_13778.jpg 1 275 48 5 5
samples/negative_unlabelled/n11691046_14295.jpg 1 385 367 8 8
samples/negative_unlabelled/n11691046_15060.jpg 1 385 142 9 9
samples/negative_unlabelled/n11691046_15769.jpg 5 145 41 17 13 776 21 15 14 139 30 29 35 180 42 17 11 275 39 11 18
samples/negative_unlabelled/n11691046_15934.jpg 1 353 358 7 7
samples/negative_unlabelled/n11691046_16313.jpg 1 3 73 10 10
samples/negative_unlabelled/n11691046_16560.jpg 2 193 257 8 11 54 243 9 9
samples/negative_unlabelled/n11691046_16769.jpg 2 21 105 9 9 29 22 8 8
samples/negative_unlabelled/n11691046_16938.jpg 3 150 41 19 19 439 148 14 14 -1 172 18 18
samples/negative_unlabelled/n11691046_17313.jpg 1 378 16 27 27
samples/negative_unlabelled/n11691046_17432.jpg 3 541 152 5 5 476 262 8 9 564 338 4 7
samples/negative_unlabelled/n11691046_17698.jpg 1 44 315 15 15
samples/negative_unlabelled/n11691046_18681.jpg 3 779 89 6 6 488 135 6 11 92 98 5 5
samples/negative_unlabelled/n11691046_19830.jpg 2 429 413 8 8 469 303 10 10
samples/negative_unlabelled/n11691046_19920.jpg 1 20 370 8 8
samples/negative_unlabelled/n11691046_20410.jpg 2 458 443 14 14 494 246 13 13
samples/negative_unlabelled/n11691046_20823.jpg 22 352 55 10 7 376 123 11 11 397 170 7 7 388 176 6 9 397 186 7 7 391 219 9 9 332 75 8 8 334 85 8 8 364 85 7 8 390 192 6 7 208 86 8 8 181 75 11 14 215 100 8 8 223 66 8 8 307 52 8 8 177 92 10 10 426 188 8 8 342 102 9 7 207 97 7 7 206 107 9 9 295 324 15 16 324 111 9 9
samples/negative_unlabelled/n11691046_21016.jpg 1 102 267 19 19
samples/negative_unlabelled/n11691046_21108.jpg 2 309 229 10 10 322 163 10 10
samples/negative_unlabelled/n11691046_21437.jpg 1 421 122 10 10
samples/negative_unlabelled/n11691046_21965.jpg 1 374 115 8 8
samples/negative_unlabelled/n11691046_22437.jpg 1 65 338 17 10
samples/negative_unlabelled/n11691046_22855.jpg 4 139 170 15 17 275 124 11 11 99 163 14 14 240 252 7 7
samples/negative_unlabelled/n11691046_23267.jpg 4 146 253 7 7 16 144 13 9 298 294 7 7 142 18 8 8
samples/negative_unlabelled/n11691046_23568.jpg 2 107 13 14 14 434 173 12 12
samples/negative_unlabelled/n11691046_23762.jpg 3 304 226 16 10 158 217 8 8 370 58 7 7
samples/negative_unlabelled/n11691046_23992.jpg 1 77 192 9 9
samples/negative_unlabelled/n11691046_24183.jpg 1 144 276 6 6
samples/negative_unlabelled/n11691046_4616.jpg 1 55 73 8 9
samples/negative_unlabelled/n11691046_5192.jpg 1 138 107 11 19
samples/negative_unlabelled/n11691046_5627.jpg 2 400 324 14 14 402 326 10 10
samples/negative_unlabelled/n11691046_5911.jpg 1 428 338 9 7
samples/negative_unlabelled/n11691046_6704.jpg 1 186 126 14 14
samples/negative_unlabelled/n11691046_742.jpg 1 239 168 6 17
samples/negative_unlabelled/n11691046_8574.jpg 4 425 523 5 5 33 715 6 6 36 610 8 8 382 120 7 7
samples/negative_unlabelled/n11691046_9566.jpg 4 711 535 5 5 930 271 12 12 579 68 14 14 55 683 16 16
samples/negative_unlabelled/n11692792_1091.jpg 4 283 42 28 24 242 96 20 14 257 177 32 22 130 79 12 12
samples/negative_unlabelled/n11692792_1530.jpg 1 421 -1 8 8
samples/negative_unlabelled/n11692792_1862.jpg 1 9 126 15 14
samples/negative_unlabelled/n11692792_1988.jpg 1 -1 19 9 8
samples/negative_unlabelled/n11692792_2056.jpg 1 430 138 7 7
samples/negative_unlabelled/n11692792_2423.jpg 1 65 261 22 22
samples/negative_unlabelled/n11692792_2768.jpg 1 40 351 6 6
samples/negative_unlabelled/n11692792_2856.jpg 1 50 96 10 10
samples/negative_unlabelled/n11692792_289.jpg 1 42 11 7 7
samples/negative_unlabelled/n11692792_3548.jpg 3 363 324 26 17 420 53 6 6 87 8 14 14
samples/negative_unlabelled/n11692792_3810.jpg 1 120 171 6 6
samples/negative_unlabelled/n11692792_5007.jpg 2 43 101 6 6 38 5 24 24
samples/negative_unlabelled/n11692792_5265.jpg 3 399 38 28 14 84 1 6 6 432 110 10 10
samples/negative_unlabelled/n11692792_6048.jpg 1 31 315 12 7
samples/negative_unlabelled/n11692792_6274.jpg 1 693 65 10 6
samples/negative_unlabelled/n11692792_6792.jpg 1 105 67 12 12
samples/negative_unlabelled/n11692792_729.jpg 1 446 199 12 12
samples/negative_unlabelled/n11692792_8078.jpg 4 678 775 8 6 643 123 7 10 187 52 21 21 396 200 8 8
samples/negative_unlabelled/n11692792_885.jpg 2 35 383 13 13 30 347 13 13
samples/negative_unlabelled/n13007034_10129.jpg 1 270 191 9 9
samples/negative_unlabelled/n13007034_10812.jpg 1 111 175 9 7
samples/negative_unlabelled/n13007034_11127.jpg 1 433 309 12 14
samples/negative_unlabelled/n13007034_11726.jpg 1 2 4 13 13
samples/negative_unlabelled/n13007034_11852.jpg 4 195 316 13 13 333 292 10 10 484 229 12 12 555 153 7 7
samples/negative_unlabelled/n13007034_12234.jpg 1 206 179 9 8
samples/negative_unlabelled/n13007034_12423.jpg 1 144 297 14 14
samples/negative_unlabelled/n13007034_12693.jpg 6 42 622 25 11 971 1910 13 11 1257 1603 11 7 955 111 11 9 1337 521 10 10 312 335 12 12
samples/negative_unlabelled/n13007034_12813.jpg 1 659 344 6 9
samples/negative_unlabelled/n13007034_12923.jpg 2 585 151 10 10 625 1 6 6
samples/negative_unlabelled/n13007034_13128.jpg 1 328 209 35 35
samples/negative_unlabelled/n13007034_1342.jpg 3 217 290 10 10 172 7 11 11 220 64 7 7
samples/negative_unlabelled/n13007034_13841.jpg 1 472 270 6 6
samples/negative_unlabelled/n13007034_14052.jpg 1 314 31 10 10
samples/negative_unlabelled/n13007034_14201.jpg 2 159 253 14 14 117 253 13 13
samples/negative_unlabelled/n13007034_14292.jpg 2 56 177 6 6 111 191 6 6
samples/negative_unlabelled/n13007034_146.jpg 1 371 440 10 13
samples/negative_unlabelled/n13007034_1505.jpg 5 116 196 19 17 206 175 15 15 479 254 12 12 143 170 11 11 359 165 17 17
samples/negative_unlabelled/n13007034_15179.jpg 1 35 185 22 22
samples/negative_unlabelled/n13007034_15267.jpg 2 505 376 12 13 188 314 11 14
samples/negative_unlabelled/n13007034_15367.jpg 1 349 216 8 8
samples/negative_unlabelled/n13007034_15721.jpg 2 39 148 8 8 156 132 9 9
samples/negative_unlabelled/n13007034_1747.jpg 2 159 236 29 30 57 23 8 8
samples/negative_unlabelled/n13007034_2040.jpg 4 390 513 16 16 783 381 28 30 454 462 19 19 564 202 20 20
samples/negative_unlabelled/n13007034_2224.jpg 1 183 266 30 43
samples/negative_unlabelled/n13007034_3081.jpg 1 390 175 7 7
samples/negative_unlabelled/n13007034_3154.jpg 9 581 790 11 10 404 760 9 9 899 602 9 7 1126 863 10 17 408 722 8 11 464 693 9 9 1045 540 8 8 901 618 7 7 1004 52 9 9
samples/negative_unlabelled/n13007034_323.jpg 2 234 226 8 8 391 203 8 10
samples/negative_unlabelled/n13007034_3851.jpg 2 90 333 23 27 426 338 20 22
samples/negative_unlabelled/n13007034_4157.jpg 1 364 245 17 19
samples/negative_unlabelled/n13007034_4351.jpg 1 339 256 14 17
samples/negative_unlabelled/n13007034_4494.jpg 1 298 167 8 8
samples/negative_unlabelled/n13007034_4770.jpg 1 452 301 19 19
samples/negative_unlabelled/n13007034_5241.jpg 1 355 129 14 19
samples/negative_unlabelled/n13007034_569.jpg 1 21 93 8 8
samples/negative_unlabelled/n13007034_5798.jpg 1 191 110 17 17
samples/negative_unlabelled/n13007034_6203.jpg 1 328 481 11 11
samples/negative_unlabelled/n13007034_628.jpg 1 227 146 14 14
samples/negative_unlabelled/n13007034_6610.jpg 1 1018 921 6 6
samples/negative_unlabelled/n13007034_6835.jpg 3 216 203 6 6 371 221 6 6 200 172 5 5
samples/negative_unlabelled/n13007034_6876.jpg 2 371 64 9 9 196 59 8 8
samples/negative_unlabelled/n13007034_6956.jpg 5 445 127 17 17 67 141 12 15 404 266 16 16 200 88 17 17 183 82 16 16
samples/negative_unlabelled/n13007034_7010.jpg 1 81 36 9 9
samples/negative_unlabelled/n13007034_7265.jpg 1 105 331 16 16
samples/negative_unlabelled/n13007034_7367.jpg 1 79 26 10 10
samples/negative_unlabelled/n13007034_7602.jpg 2 174 133 9 9 202 90 7 7
samples/negative_unlabelled/n13007034_8263.jpg 2 247 56 35 24 38 198 41 59
samples/negative_unlabelled/n13007034_8693.jpg 4 278 125 6 6 359 135 5 5 174 76 5 7 407 138 5 5
samples/negative_unlabelled/n13007034_8840.jpg 1 29 268 9 9
samples/negative_unlabelled/n13007034_9062.jpg 1 354 60 11 13
samples/negative_unlabelled/n13007034_962.jpg 21 315 216 15 14 273 246 20 16 177 241 16 20 193 207 22 10 427 189 19 13 99 175 19 14 96 151 13 21 159 190 16 16 240 199 18 15 337 195 18 15 279 189 19 16 169 159 18 23 116 116 22 22 417 148 19 19 205 153 19 19 162 102 22 22 339 99 25 25 392 117 21 24 281 151 21 21 217 102 21 21 269 82 22 25
samples/negative_unlabelled/n13873502_10080.jpg 1 57 92 135 135
samples/negative_unlabelled/n13873502_10261.jpg 6 504 153 7 7 150 61 7 7 465 99 8 8 500 99 7 7 395 100 8 8 391 25 7 7
samples/negative_unlabelled/n02675077_1074.jpg 2 23 22 28 28 2 1 70 70
samples/negative_unlabelled/n02675077_1262.jpg 1 46 38 19 19
samples/negative_unlabelled/n02675077_1476.jpg 19 712 796 31 40 580 521 28 24 862 900 30 37 558 521 27 25 575 1003 40 30 522 476 28 30 971 379 10 10 576 901 41 30 527 377 13 13 525 480 22 22 1312 529 29 24 519 521 12 12 1264 540 13 13 1296 529 12 12 1266 528 10 10 1038 1104 19 19 1137 549 5 5 1036 1102 24 24 922 371 15 15
samples/negative_unlabelled/n02675077_1600.jpg 10 56 0 396 371 179 102 20 23 93 29 319 299 98 34 308 289 233 123 7 7 283 141 18 26 352 169 7 7 84 25 337 308 91 28 322 303 133 315 9 9
samples/negative_unlabelled/n02675077_1712.jpg 6 193 194 15 15 314 162 5 5 188 91 8 8 94 147 7 7 217 94 8 8 140 105 8 8
samples/negative_unlabelled/n02675077_1823.jpg 12 413 130 15 15 410 126 21 21 239 36 14 14 236 33 20 20 74 114 15 15 264 37 6 6 71 111 21 21 242 136 11 11 282 103 8 8 280 101 13 13 305 325 18 16 385 227 8 11
samples/negative_unlabelled/n02675077_193.jpg 1 39 41 37 37
samples/negative_unlabelled/n02675077_2329.jpg 9 260 266 226 225 19 25 708 705 488 155 17 9 673 384 11 11 188 365 9 10 117 365 10 10 287 641 11 11 100 366 10 10 75 366 10 10
samples/negative_unlabelled/n02675077_2464.jpg 1 17 16 14 14
samples/negative_unlabelled/n02675077_262.jpg 1 444 499 9 11
samples/negative_unlabelled/n02675077_2764.jpg 1 326 173 8 9
samples/negative_unlabelled/n02675077_2941.jpg 9 157 297 6 6 155 217 11 11 109 190 6 6 106 243 11 11 107 290 6 6 155 85 12 12 155 336 12 12 183 265 10 10 304 185 12 11
samples/negative_unlabelled/n02675077_3029.jpg 2 325 328 26 25 198 204 276 276
samples/negative_unlabelled/n02675077_3145.jpg 2 107 107 122 122 204 166 7 7
samples/negative_unlabelled/n02675077_3516.jpg 7 376 234 22 24 319 168 12 10 296 141 12 12 320 202 7 7 288 285 27 27 386 179 12 12 268 252 10 10
samples/negative_unlabelled/n02675077_3682.jpg 9 309 49 20 18 120 173 13 12 252 45 19 24 252 51 19 12 91 155 14 10 89 110 5 7 386 257 13 9 222 342 11 11 379 218 7 7
samples/negative_unlabelled/n02675077_3762.jpg 2 3 1 141 141 58 57 30 30
samples/negative_unlabelled/n02675077_4220.jpg 2 7 14 163 163 51 29 25 25
samples/negative_unlabelled/n02675077_4287.jpg 3 37 -9 430 376 209 122 7 7 11 8 481 345
samples/negative_unlabelled/n02675077_4498.jpg 2 180 6 13 13 288 31 16 16
samples/negative_unlabelled/n02675077_540.jpg 4 0 1 364 362 119 118 126 126 184 277 12 12 160 158 46 46
samples/negative_unlabelled/n02675077_671.jpg 2 120 128 167 166 52 62 298 298
samples/negative_unlabelled/n02675077_730.jpg 8 427 337 12 12 423 332 22 22 455 391 11 11 388 391 12 12 410 402 7 11 428 394 7 7 426 391 12 12 391 393 6 6
samples/negative_unlabelled/n02675077_973.jpg 8 181 187 27 24 14 17 364 364 222 68 10 10 179 183 33 33 163 125 9 12 31 32 333 334 25 27 344 344 347 163 5 5
samples/negative_unlabelled/n02890188_1069.jpg 3 229 111 18 14 137 114 19 14 235 192 16 19
samples/negative_unlabelled/n02890188_1114.jpg 6 58 40 42 42 65 48 28 27 53 35 52 52 46 50 6 6 60 30 7 7 106 66 7 7
samples/negative_unlabelled/n02890188_1337.jpg 2 80 83 93 91 112 114 28 28
samples/negative_unlabelled/n02890188_1406.jpg 1 242 112 15 12
samples/negative_unlabelled/n02675077_1130.jpg 4 123 107 258 258 293 132 13 15 295 136 8 8 309 144 8 8
samples/negative_unlabelled/n02675077_1037.jpg.pgm 36 789 208 17 23 518 402 14 12 794 215 8 8 868 401 35 33 580 1157 43 43 518 415 15 14 807 1345 9 7 763 1344 8 8 619 238 13 15 619 457 11 13 830 1364 8 7 815 1384 8 6 869 1344 9 9 885 1344 8 9 796 1360 16 16 476 399 35 33 642 1339 18 16 780 1379 17 17 874 406 24 22 482 404 24 23 591 1168 22 21 333 336 40 42 971 340 41 41 979 350 25 22 870 1384 8 8 923 204 7 7 342 344 21 25 664 445 7 6 957 470 6 6 676 248 5 5 1154 873 25 15 1311 756 9 12 1282 758 16 20 382 856 25 23 1199 767 13 7 355 862 13 11
