samples/negative_unlabelled/n02675077_1022.jpg 9 228 358 8 9 182 348 10 10 201 346 10 10 192 347 10 10 270 354 10 8 176 39 83 86 164 158 126 126 255 109 10 10 185 179 84 84
samples/negative_unlabelled/n02675077_1172.jpg 4 4 5 435 433 143 134 164 164 237 168 7 7 252 168 8 8
samples/negative_unlabelled/n02675077_1302.jpg 3 14 16 369 369 129 133 138 138 192 195 11 11
samples/negative_unlabelled/n02675077_1529.jpg 2 395 106 15 15 269 440 14 17
samples/negative_unlabelled/n02675077_1642.jpg 5 129 139 23 23 120 68 7 7 136 222 21 21 79 108 10 10 181 97 10 10
samples/negative_unlabelled/n02675077_1868.jpg 1 413 80 7 7
samples/negative_unlabelled/n02675077_1967.jpg 5 62 167 22 22 216 91 11 10 253 178 7 5 86 251 6 7 258 155 6 6
samples/negative_unlabelled/n02675077_2170.jpg 1 180 247 9 9
samples/negative_unlabelled/n02675077_238.jpg 5 10 11 353 356 253 191 9 9 182 184 8 8 172 175 26 26 178 181 14 14
samples/negative_unlabelled/n02675077_3094.jpg 1 2 1 115 115
samples/negative_unlabelled/n02675077_3259.jpg 1 124 138 27 27
samples/negative_unlabelled/n02675077_338.jpg 1 155 90 26 26
samples/negative_unlabelled/n02675077_3565.jpg 2 13 2 212 210 111 101 16 16
samples/negative_unlabelled/n02675077_4134.jpg 6 49 62 349 353 214 229 30 29 303 171 6 6 268 139 10 10 242 155 19 19 61 73 324 334
samples/negative_unlabelled/n02675077_4246.jpg 1 16 9 176 176
samples/negative_unlabelled/n02675077_4366.jpg 3 13 5 225 225 153 105 8 8 79 100 8 8
samples/negative_unlabelled/n02675077_4518.jpg 2 85 80 122 122 163 309 19 19
samples/negative_unlabelled/n02675077_4726.jpg 1 237 159 7 7
samples/negative_unlabelled/n02675077_553.jpg 1 30 31 26 26
samples/negative_unlabelled/n02675077_678.jpg 2 289 161 16 23 283 236 10 12
samples/negative_unlabelled/n02890188_1084.jpg 1 298 159 33 43
samples/negative_unlabelled/n02890188_1139.jpg 6 264 20 7 7 104 103 8 7 101 92 8 8 395 213 6 6 244 23 8 8 252 16 8 8
samples/negative_unlabelled/n02890188_1355.jpg 3 489 353 8 8 345 284 23 16 393 343 8 8
samples/negative_unlabelled/n02890188_1489.jpg 9 226 43 7 9 211 58 7 10 245 37 5 9 280 78 12 16 139 106 6 8 211 190 19 17 188 153 9 9 194 170 9 9 259 41 7 5
samples/negative_unlabelled/n02890188_1539.jpg 3 398 78 10 10 59 89 9 7 422 68 9 9
samples/negative_unlabelled/n02890188_1597.jpg 10 440 181 14 14 288 200 15 15 154 184 15 14 255 156 14 14 281 256 15 15 199 149 16 16 236 291 15 15 181 284 14 14 397 110 6 6 323 61 12 9
samples/negative_unlabelled/n02890188_168.jpg 2 145 182 38 26 336 9 24 24
samples/negative_unlabelled/n02890188_1767.jpg 7 257 345 38 38 213 164 371 371 295 264 27 27 315 423 31 31 205 164 384 388 479 402 27 27 399 452 38 38
samples/negative_unlabelled/n02890188_1844.jpg 12 203 112 22 22 184 164 36 36 239 201 22 22 226 138 48 48 98 248 16 16 257 99 35 37 197 103 37 38 125 71 6 6 249 282 5 5 232 274 5 5 344 155 5 5 323 45 5 5
samples/negative_unlabelled/n02890188_2004.jpg 1 154 212 9 9
samples/negative_unlabelled/n02890188_2081.jpg 10 172 250 21 21 175 98 22 21 152 97 21 21 99 196 18 18 78 381 8 8 125 392 12 12 229 142 21 21 235 166 23 20 140 287 28 23 242 92 27 24
samples/negative_unlabelled/n02890188_2139.jpg 1 324 192 10 10
samples/negative_unlabelled/n02890188_2228.jpg 1 456 37 12 14
samples/negative_unlabelled/n02890188_2272.jpg 2 272 165 19 21 216 246 18 21
samples/negative_unlabelled/n02890188_2372.jpg 7 182 95 18 18 278 202 17 17 136 172 18 18 277 143 9 9 269 114 17 17 196 239 18 18 221 231 15 14
samples/negative_unlabelled/n02890188_2488.jpg 1 357 33 11 11
samples/negative_unlabelled/n02890188_2509.jpg 6 172 215 7 7 168 209 16 18 316 12 13 11 217 159 28 33 314 239 20 20 338 169 20 20
samples/negative_unlabelled/n02890188_2557.jpg 1 211 304 7 7
samples/negative_unlabelled/n02890188_2617.jpg 9 303 186 11 11 311 160 11 11 146 176 11 11 152 191 11 11 142 150 11 11 125 197 5 5 131 184 5 5 135 224 5 5 96 157 4 4
samples/negative_unlabelled/n02890188_2710.jpg 4 219 230 5 5 217 227 11 11 431 262 9 9 133 180 9 6
samples/negative_unlabelled/n02890188_2754.jpg 1 136 252 12 10
samples/negative_unlabelled/n02890188_2809.jpg 5 158 139 183 184 227 210 11 11 255 207 6 6 267 229 6 6 250 248 6 6
samples/negative_unlabelled/n02890188_2902.jpg 4 276 76 31 24 200 305 15 11 61 181 21 25 326 263 54 49
samples/negative_unlabelled/n02890188_3037.jpg 6 456 346 12 12 436 111 19 23 321 171 13 13 450 135 11 11 174 231 13 13 323 35 6 6
samples/negative_unlabelled/n02890188_3073.jpg 3 268 336 6 5 141 188 6 6 97 465 11 11
samples/negative_unlabelled/n02890188_312.jpg 11 354 223 8 8 200 287 7 7 214 307 7 7 200 297 7 7 125 234 6 6 216 317 7 7 261 349 8 8 458 177 6 6 419 345 8 8 474 262 7 7 465 286 7 7
samples/negative_unlabelled/n02890188_3246.jpg 1 187 75 6 6
samples/negative_unlabelled/n02890188_3309.jpg 2 84 64 4 4 150 77 5 5
samples/negative_unlabelled/n02890188_3349.jpg 1 184 317 15 19
samples/negative_unlabelled/n02890188_3547.jpg 12 307 306 19 12 253 188 9 9 289 312 13 18 227 235 10 10 284 200 9 9 259 248 9 9 359 242 17 13 243 319 17 14 222 314 15 16 347 166 15 14 168 281 13 17 154 266 17 14
samples/negative_unlabelled/n02890188_3607.jpg 2 88 116 5 5 79 119 5 5
samples/negative_unlabelled/n02890188_3699.jpg 5 163 347 21 21 231 347 11 11 226 451 6 6 139 242 6 5 270 413 5 5
samples/negative_unlabelled/n02890188_392.jpg 14 196 137 8 5 188 139 8 5 351 302 6 8 196 148 7 5 254 261 6 5 199 127 6 7 240 215 24 16 196 158 7 5 410 238 7 7 206 200 7 5 321 176 45 34 375 70 8 8 362 53 16 16 55 81 7 7
samples/negative_unlabelled/n02890188_3968.jpg 2 180 228 8 8 205 280 8 8
samples/negative_unlabelled/n02890188_405.jpg 8 220 199 15 15 335 121 31 31 354 167 7 7 243 275 7 7 142 252 6 6 114 213 7 7 118 138 7 7 300 258 9 9
samples/negative_unlabelled/n02890188_4129.jpg 6 224 351 11 11 99 403 7 9 219 339 9 9 115 410 9 7 104 393 8 5 185 330 16 12
samples/negative_unlabelled/n02890188_4171.jpg 4 43 714 126 140 402 713 119 150 68 209 11 8 340 386 6 10
samples/negative_unlabelled/n02890188_4234.jpg 4 184 66 12 8 91 16 18 15 99 61 11 19 59 224 12 19
samples/negative_unlabelled/n02890188_4567.jpg 1 212 74 29 26
samples/negative_unlabelled/n02890188_4661.jpg 1 356 145 8 8
samples/negative_unlabelled/n02890188_4770.jpg 1 144 100 6 6
samples/negative_unlabelled/n02890188_4809.jpg 1 336 272 5 5
samples/negative_unlabelled/n02890188_4932.jpg 2 15 -4 77 90 37 12 35 53
samples/negative_unlabelled/n02890188_4969.jpg 6 35 123 19 19 27 180 19 19 82 204 21 23 18 174 35 31 76 201 33 32 226 40 13 13
samples/negative_unlabelled/n02890188_5008.jpg 4 341 284 8 8 406 289 8 8 347 297 8 8 262 213 9 9
samples/negative_unlabelled/n02890188_5095.jpg 9 269 67 10 10 352 96 10 10 450 126 5 5 243 126 24 24 438 217 6 6 232 154 22 22 302 228 11 11 411 121 6 6 423 122 6 6
samples/negative_unlabelled/n02890188_5178.jpg 12 216 396 14 14 248 441 10 11 314 411 15 12 224 459 11 13 206 335 11 11 269 461 11 13 309 454 13 12 308 53 16 25 154 396 13 13 292 474 13 12 162 488 9 9 137 468 8 8
samples/negative_unlabelled/n02890188_5260.jpg 3 170 286 16 16 266 420 7 7 132 18 10 10
samples/negative_unlabelled/n02890188_5333.jpg 4 456 178 11 12 455 162 11 11 446 211 13 13 225 205 8 8
samples/negative_unlabelled/n02890188_5371.jpg 2 225 172 10 23 181 119 14 13
samples/negative_unlabelled/n02890188_5486.jpg 34 45 184 13 13 194 301 7 7 217 321 7 7 211 313 7 7 289 275 7 7 231 321 7 7 185 305 7 7 246 335 7 7 223 328 7 7 238 328 7 7 275 328 8 8 181 296 7 7 261 332 8 8 297 325 8 8 270 337 7 7 309 284 7 7 328 318 8 8 302 277 7 7 317 328 8 8 354 293 7 7 375 273 7 7 347 305 8 8 385 295 7 7 442 265 7 7 455 249 6 6 169 280 7 7 468 194 6 6 438 256 7 7 426 278 7 7 433 267 7 7 449 240 7 7 459 190 6 6 467 213 6 6 463 231 7 7
samples/negative_unlabelled/n02890188_5606.jpg 1 417 193 6 6
samples/negative_unlabelled/n02890188_577.jpg 9 276 116 17 17 251 311 12 14 225 330 14 14 279 341 12 15 249 201 21 21 137 258 13 11 371 290 12 11 75 134 8 10 124 95 7 9
samples/negative_unlabelled/n02890188_5910.jpg 17 385 241 14 14 345 251 14 14 143 290 15 14 370 201 12 10 372 126 13 15 236 329 14 15 216 338 15 15 185 107 35 35 184 304 15 15 85 112 42 42 218 171 60 60 89 115 36 36 164 296 15 16 51 71 27 29 102 274 13 13 280 55 15 12 262 62 12 14
samples/negative_unlabelled/n02890188_5946.jpg 2 43 149 37 37 25 248 9 14
samples/negative_unlabelled/n02890188_6067.jpg 1 187 149 59 65
samples/negative_unlabelled/n02890188_6196.jpg 10 291 242 19 20 192 378 40 40 302 216 20 19 264 164 33 32 113 428 17 17 283 381 23 18 83 328 18 18 197 438 48 48 287 384 13 13 196 380 32 32
samples/negative_unlabelled/n02890188_6273.jpg 4 156 119 107 96 231 63 6 6 167 74 6 6 196 77 6 6
samples/negative_unlabelled/n02890188_6346.jpg 2 213 123 73 79 312 174 9 9
samples/negative_unlabelled/n02890188_640.jpg 40 229 144 7 7 274 54 7 7 281 43 7 7 298 34 6 6 237 193 7 7 231 169 7 7 238 150 7 7 289 33 6 6 312 283 7 7 234 135 7 7 247 195 7 7 272 44 7 7 306 275 7 7 237 112 7 7 238 183 7 7 448 204 6 6 442 223 6 6 436 249 6 6 373 142 12 19 257 58 7 7 257 227 7 7 236 97 7 7 287 262 7 7 325 283 7 7 253 72 7 6 231 120 7 7 259 237 7 7 374 282 6 6 241 172 7 8 238 127 7 7 364 289 7 6 421 255 6 6 369 181 16 16 400 277 6 6 433 240 6 6 451 183 6 6 332 290 7 7 408 277 6 6 457 190 6 6 353 31 6 6
samples/negative_unlabelled/n02890188_6432.jpg 5 320 125 16 22 413 135 9 9 332 79 6 6 426 191 11 8 484 259 8 7
samples/negative_unlabelled/n02890188_6513.jpg 1 440 265 7 7
samples/negative_unlabelled/n02890188_6722.jpg 5 341 241 29 22 434 166 31 20 127 20 28 31 446 211 27 26 39 99 36 29
samples/negative_unlabelled/n02890188_6889.jpg 24 374 264 8 8 340 293 9 9 372 274 8 9 376 255 8 8 349 222 7 8 260 317 9 9 249 322 9 9 289 321 9 9 334 302 9 9 212 317 9 9 233 277 9 9 238 327 9 9 297 313 9 8 188 321 9 9 409 202 8 8 306 306 9 9 402 185 8 7 409 165 6 8 403 158 7 7 297 59 7 7 307 59 6 7 105 113 7 7 368 98 7 5 340 75 7 6
samples/negative_unlabelled/n02890188_6989.jpg 14 313 178 8 9 328 219 8 8 318 194 9 9 328 202 9 8 315 238 8 8 276 107 7 7 324 185 9 9 356 183 8 9 299 269 8 8 198 241 6 8 172 189 7 8 319 249 9 9 321 59 14 13 151 301 8 8
samples/negative_unlabelled/n02890188_7137.jpg 2 126 274 29 30 416 172 32 39
samples/negative_unlabelled/n02890188_7162.jpg 2 115 137 44 32 121 215 36 41
samples/negative_unlabelled/n02890188_7244.jpg 1 64 33 16 16
samples/negative_unlabelled/n02890188_7282.jpg 7 34 192 6 9 357 180 11 11 325 289 15 15 312 237 8 8 370 150 7 7 399 301 7 7 421 267 8 7
samples/negative_unlabelled/n02890188_7305.jpg 6 300 49 9 8 274 220 11 11 261 229 9 11 340 198 14 12 55 78 7 7 382 45 6 6
samples/negative_unlabelled/n02890188_7359.jpg 1 43 202 5 5
samples/negative_unlabelled/n02890188_7415.jpg 1 93 459 4 4
samples/negative_unlabelled/n02890188_7517.jpg 6 159 120 162 162 140 118 5 5 180 94 5 5 197 231 17 17 211 244 19 19 261 145 17 17
samples/negative_unlabelled/n02890188_7565.jpg 6 187 327 9 8 161 361 9 9 104 321 9 8 133 291 8 9 425 180 37 52 425 191 37 28
samples/negative_unlabelled/n02890188_7669.jpg 2 249 180 19 15 317 203 7 8
samples/negative_unlabelled/n02890188_7759.jpg 6 76 157 47 47 177 263 32 32 159 171 14 14 155 166 21 21 70 152 60 60 185 270 20 20
samples/negative_unlabelled/n02890188_7843.jpg 3 175 300 15 10 90 216 123 124 120 262 12 14
samples/negative_unlabelled/n02890188_7946.jpg 6 380 91 23 27 32 264 21 50 235 79 26 19 415 257 21 34 334 55 46 40 85 187 50 38
samples/negative_unlabelled/n02890188_8089.jpg 5 263 267 17 11 370 232 13 9 121 194 10 10 357 55 12 17 382 109 8 7
samples/negative_unlabelled/n02890188_8260.jpg 4 149 168 88 89 272 185 88 84 301 61 87 87 339 341 27 27
samples/negative_unlabelled/n02890188_8514.jpg 4 343 82 38 38 414 278 7 12 475 160 8 15 295 76 8 10
samples/negative_unlabelled/n02890188_8623.jpg 3 294 165 7 7 248 154 8 8 225 149 7 7
samples/negative_unlabelled/n02890188_871.jpg 1 490 142 7 5
samples/negative_unlabelled/n02890188_8775.jpg 5 136 20 17 14 103 17 12 16 171 60 12 15 95 287 18 10 109 305 12 9
samples/negative_unlabelled/n02890188_8832.jpg 16 58 312 9 8 39 220 8 8 47 177 13 10 78 146 8 8 137 347 11 11 42 279 8 9 158 340 8 7 210 307 8 8 121 344 7 8 71 325 8 8 82 337 11 12 65 162 8 8 43 297 10 12 129 114 8 8 111 121 8 8 214 226 9 8
samples/negative_unlabelled/n02890188_893.jpg 2 182 182 38 46 277 65 7 7
samples/negative_unlabelled/n02890188_901.jpg 2 209 220 27 23 98 84 249 279
samples/negative_unlabelled/n02890188_9070.jpg 13 245 29 8 9 233 29 11 7 229 12 8 10 144 298 6 10 133 268 8 9 121 277 9 8 136 293 8 8 113 252 7 10 99 187 10 8 96 221 9 9 109 222 8 11 96 238 10 8 115 173 10 8
samples/negative_unlabelled/n02890188_9149.jpg 7 176 209 39 39 274 246 38 32 217 260 40 36 220 194 60 65 193 227 8 9 385 227 7 7 244 69 7 7
samples/negative_unlabelled/n02890188_9221.jpg 10 159 248 30 31 272 211 24 24 163 252 23 23 251 146 19 19 166 142 16 16 87 140 19 19 292 162 20 20 66 468 11 13 147 113 9 9 -2 177 21 21
samples/negative_unlabelled/n02890188_931.jpg 2 103 133 10 16 21 232 6 7
samples/negative_unlabelled/n02890188_9520.jpg 6 128 403 12 8 140 418 8 11 194 407 11 9 207 406 9 10 242 368 10 10 261 116 8 8
samples/negative_unlabelled/n02890188_9616.jpg 1 380 201 23 23
samples/negative_unlabelled/n02890188_979.jpg 6 363 111 16 22 100 25 70 63 413 56 18 20 398 113 19 19 466 15 21 15 114 36 41 42
samples/negative_unlabelled/n02890188_9988.jpg 8 169 25 9 9 149 28 8 9 212 17 9 9 159 42 8 8 112 187 13 11 197 280 6 6 332 210 6 6 260 305 6 5
samples/negative_unlabelled/n03032811_10665.jpg 5 242 47 12 12 274 325 27 27 241 450 4 11 138 302 48 48 36 43 422 422
samples/negative_unlabelled/n03032811_11196.jpg 2 495 307 43 38 493 302 46 47
samples/negative_unlabelled/n03032811_12151.jpg 3 478 440 13 14 297 375 5 5 298 347 5 5
samples/negative_unlabelled/n03032811_13087.jpg 11 80 282 8 8 142 283 6 6 128 251 14 14 257 139 14 14 216 222 13 14 86 241 11 11 245 185 12 12 195 186 23 23 114 109 53 53 126 120 29 29 189 26 12 12
samples/negative_unlabelled/n03032811_13561.jpg 1 77 38 12 15
samples/negative_unlabelled/n03032811_15992.jpg 3 374 248 8 8 368 76 7 7 229 61 7 7
samples/negative_unlabelled/n03032811_16305.jpg 8 2 2 492 492 160 161 173 173 209 359 71 71 359 209 71 71 61 212 70 70 202 344 89 89 58 201 86 86 348 198 87 87
samples/negative_unlabelled/n03032811_17596.jpg 3 62 55 12 12 205 24 13 13 111 50 12 12
samples/negative_unlabelled/n03032811_18460.jpg 1 422 215 20 13
samples/negative_unlabelled/n03032811_20659.jpg 1 147 14 178 180
samples/negative_unlabelled/n03032811_21080.jpg 1 361 82 10 10
samples/negative_unlabelled/n03032811_23970.jpg 1 164 57 8 6
samples/negative_unlabelled/n03032811_24558.jpg 1 100 195 54 54
samples/negative_unlabelled/n03032811_25203.jpg 1 322 213 7 7
samples/negative_unlabelled/n03032811_27604.jpg 1 368 20 8 8
samples/negative_unlabelled/n03032811_28040.jpg 2 135 130 71 71 287 253 7 7
samples/negative_unlabelled/n03032811_28433.jpg 1 132 233 13 13
samples/negative_unlabelled/n03032811_30001.jpg 1 83 97 16 5
samples/negative_unlabelled/n03032811_30157.jpg 1 15 218 5 5
samples/negative_unlabelled/n03032811_31035.jpg 1 175 71 19 19
samples/negative_unlabelled/n03032811_31258.jpg 1 322 147 18 18
samples/negative_unlabelled/n03032811_31815.jpg 1 234 59 9 9
samples/negative_unlabelled/n03032811_32450.jpg 2 180 152 137 137 242 211 19 19
samples/negative_unlabelled/n03032811_32947.jpg 1 174 99 13 13
samples/negative_unlabelled/n03032811_34906.jpg 4 105 29 8 9 152 29 7 10 102 27 14 14 165 45 11 11
samples/negative_unlabelled/n03032811_35162.jpg 2 140 56 200 248 272 184 11 8
samples/negative_unlabelled/n03032811_35436.jpg 3 28 109 321 325 161 288 20 20 212 258 11 10
samples/negative_unlabelled/n03032811_35903.jpg 1 463 298 5 5
samples/negative_unlabelled/n03032811_49.jpg 3 203 104 130 103 333 276 7 7 426 292 10 10
samples/negative_unlabelled/n03032811_596.jpg 3 216 610 13 12 470 382 8 8 59 592 12 12
samples/negative_unlabelled/n03032811_730.jpg 1 123 252 6 6
samples/negative_unlabelled/n03032811_8213.jpg 2 401 402 13 16 437 402 9 7
samples/negative_unlabelled/n03165955_1753.jpg 3 142 192 13 9 416 259 18 17 315 316 9 9
samples/negative_unlabelled/n03189311_8564.jpg 3 87 78 19 19 114 77 19 19 27 29 54 54
samples/negative_unlabelled/n03397947_10404.jpg 1 389 173 19 19
samples/negative_unlabelled/n03397947_10453.jpg 1 70 215 12 12
samples/negative_unlabelled/n03397947_10659.jpg 2 172 272 7 7 216 239 11 12
samples/negative_unlabelled/n03397947_10710.jpg 1 193 212 10 9
samples/negative_unlabelled/n03397947_11055.jpg 2 344 52 6 6 477 181 9 9
samples/negative_unlabelled/n03397947_11164.jpg 2 248 86 7 7 233 82 10 19
samples/negative_unlabelled/n03397947_1120.jpg 2 73 62 20 20 243 192 5 5
samples/negative_unlabelled/n03397947_11439.jpg 1 155 58 7 7
samples/negative_unlabelled/n03397947_11622.jpg 1 360 95 7 7
samples/negative_unlabelled/n03397947_1182.jpg 1 137 24 6 6
samples/negative_unlabelled/n03397947_1355.jpg 1 365 125 12 12
samples/negative_unlabelled/n03397947_1441.jpg 2 228 28 8 8 295 19 10 10
samples/negative_unlabelled/n03397947_1482.jpg 1 451 156 11 11
samples/negative_unlabelled/n03397947_1768.jpg 3 307 351 7 7 293 354 10 7 290 351 15 12
samples/negative_unlabelled/n03397947_2122.jpg 8 102 326 10 15 57 359 9 7 114 360 9 6 337 288 13 13 259 10 15 15 137 21 11 11 95 201 12 12 126 240 15 15
samples/negative_unlabelled/n03397947_2196.jpg 2 101 140 34 49 57 54 184 185
samples/negative_unlabelled/n03397947_2536.jpg 1 86 282 8 8
samples/negative_unlabelled/n03397947_2595.jpg 3 172 128 16 12 25 18 9 9 122 123 7 7
samples/negative_unlabelled/n03397947_2892.jpg 1 232 56 5 5
samples/negative_unlabelled/n03397947_3612.jpg 2 290 142 19 19 308 116 17 16
samples/negative_unlabelled/n03397947_4113.jpg 1 299 64 50 26
samples/negative_unlabelled/n03397947_4363.jpg 2 181 52 14 14 -1 10 12 12
samples/negative_unlabelled/n03397947_4533.jpg 1 168 124 17 12
samples/negative_unlabelled/n03397947_583.jpg 1 285 295 11 11
samples/negative_unlabelled/n03397947_5972.jpg 1 320 159 16 18
samples/negative_unlabelled/n03397947_6034.jpg 1 243 110 7 7
samples/negative_unlabelled/n03397947_6142.jpg 2 42 2 8 8 83 11 9 7
samples/negative_unlabelled/n03397947_6420.jpg 1 332 51 12 9
samples/negative_unlabelled/n03397947_6499.jpg 1 255 388 18 20
samples/negative_unlabelled/n03397947_6545.jpg 1 206 16 13 13
samples/negative_unlabelled/n03397947_7180.jpg 1 349 240 8 8
samples/negative_unlabelled/n03397947_761.jpg 2 13 84 10 12 138 67 10 10
samples/negative_unlabelled/n03397947_794.jpg 1 437 144 9 9
samples/negative_unlabelled/n03397947_8304.jpg 2 209 92 35 19 109 268 8 8
samples/negative_unlabelled/n03397947_8753.jpg 39 239 60 6 6 273 79 16 15 289 86 16 16 153 90 6 6 270 65 6 6 125 148 15 17 196 280 7 7 247 60 6 6 188 277 7 7 249 284 7 7 186 252 12 12 125 127 6 6 257 283 7 7 122 134 6 6 327 103 6 6 120 141 6 6 115 164 6 6 265 281 7 7 240 285 7 7 204 282 7 7 277 68 6 6 289 272 7 7 273 278 7 7 294 91 4 4 159 261 7 7 115 180 6 6 212 284 7 7 125 217 7 7 178 72 6 6 115 172 6 6 119 203 6 6 345 137 6 6 132 231 6 6 339 123 6 6 309 258 7 7 316 92 6 6 331 234 7 7 349 190 6 6 56 3 363 364
samples/negative_unlabelled/n03397947_9458.jpg 2 57 173 11 11 38 209 13 22
samples/negative_unlabelled/n03397947_9645.jpg 1 303 417 22 18
samples/negative_unlabelled/n03397947_9805.jpg 2 247 361 9 9 57 54 7 7
samples/negative_unlabelled/n03397947_9915.jpg 1 41 253 7 7
samples/negative_unlabelled/n03954393_10038.jpg 1 238 215 50 48
samples/negative_unlabelled/n03954393_1244.jpg 2 7 -2 637 637 76 210 8 8
samples/negative_unlabelled/n03954393_1293.jpg 2 17 25 354 354 13 21 363 363
samples/negative_unlabelled/n03954393_1846.jpg 2 -1 6 290 287 289 1 287 291
samples/negative_unlabelled/n03954393_1968.jpg 1 162 8 131 123
samples/negative_unlabelled/n03954393_209.jpg 1 6 0 490 490
samples/negative_unlabelled/n03954393_2152.jpg 2 12 9 178 178 88 85 26 24
samples/negative_unlabelled/n03954393_255.jpg 2 209 232 11 11 221 225 10 10
samples/negative_unlabelled/n03954393_2755.jpg 1 2 1 140 140
samples/negative_unlabelled/n03954393_3069.jpg 3 748 487 8 8 230 468 9 9 219 466 9 9
samples/negative_unlabelled/n03954393_3182.jpg 1 4 5 484 484
samples/negative_unlabelled/n03954393_3362.jpg 1 17 10 573 575
samples/negative_unlabelled/n03954393_3554.jpg 1 5 2 412 412
samples/negative_unlabelled/n03954393_4034.jpg 1 4 1 240 243
samples/negative_unlabelled/n03954393_432.jpg 5 495 375 9 9 315 375 9 9 460 375 9 9 8 9 371 370 540 346 6 13
samples/negative_unlabelled/n03954393_4522.jpg 1 249 271 8 10
samples/negative_unlabelled/n03954393_4594.jpg 1 231 151 7 12
samples/negative_unlabelled/n03954393_4824.jpg 3 1314 101 19 13 403 152 5 5 1627 287 11 11
samples/negative_unlabelled/n03954393_4907.jpg 2 11 6 455 455 314 329 7 7
samples/negative_unlabelled/n03954393_5157.jpg 1 3 2 195 195
samples/negative_unlabelled/n03954393_5298.jpg 1 16 12 190 188
samples/negative_unlabelled/n03954393_5400.jpg 2 13 6 365 372 173 338 10 12
samples/negative_unlabelled/n03954393_5460.jpg 3 141 171 10 10 107 105 23 23 152 171 9 10
samples/negative_unlabelled/n03954393_5632.jpg 1 16 13 368 368
samples/negative_unlabelled/n03954393_5687.jpg 1 134 290 7 7
samples/negative_unlabelled/n03954393_5851.jpg 1 4 3 238 236
samples/negative_unlabelled/n03954393_6229.jpg 2 53 40 155 156 48 38 165 161
samples/negative_unlabelled/n03954393_639.jpg 2 334 7 137 236 417 205 22 21
samples/negative_unlabelled/n03954393_6581.jpg 1 457 21 392 392
samples/negative_unlabelled/n03954393_6788.jpg 1 15 12 387 387
samples/negative_unlabelled/n03954393_7131.jpg 1 91 468 6 5
samples/negative_unlabelled/n03954393_726.jpg 3 231 18 200 200 418 192 8 8 438 95 6 6
samples/negative_unlabelled/n03954393_7335.jpg 2 535 205 8 8 68 54 7 7
samples/negative_unlabelled/n03954393_7677.jpg 5 255 2 244 244 339 226 6 6 310 208 6 6 264 105 5 5 0 0 247 246
samples/negative_unlabelled/n03954393_7846.jpg 1 86 224 13 13
samples/negative_unlabelled/n03954393_803.jpg 1 7 9 456 456
samples/negative_unlabelled/n03954393_8216.jpg 2 3 4 229 229 237 5 228 226
samples/negative_unlabelled/n03954393_8834.jpg 3 155 4 149 149 305 4 149 149 5 4 149 149
samples/negative_unlabelled/n03954393_9008.jpg 3 103 22 7 7 160 114 34 35 203 91 18 19
samples/negative_unlabelled/n03954393_9119.jpg 4 18 15 5 5 114 12 4 4 24 12 5 5 130 46 5 5
samples/negative_unlabelled/n03954393_9515.jpg 1 3 4 325 325
samples/negative_unlabelled/n03954393_985.jpg 4 202 302 12 13 140 305 9 9 197 283 13 12 39 344 9 9
samples/negative_unlabelled/n03954393_999.jpg 1 189 187 98 98
samples/negative_unlabelled/n04349189_1110.jpg 3 106 160 40 54 404 165 48 48 354 97 11 11
samples/negative_unlabelled/n04349189_1422.jpg 1 79 76 92 90
samples/negative_unlabelled/n04349189_1448.jpg 2 480 309 12 10 211 89 123 122
samples/negative_unlabelled/n04349189_1515.jpg 6 138 76 89 88 43 90 63 65 497 83 78 78 378 79 86 86 259 79 86 86 269 239 6 6
samples/negative_unlabelled/n04349189_1652.jpg 3 169 295 57 57 226 140 33 33 381 137 31 32
samples/negative_unlabelled/n04349189_1769.jpg 1 84 0 326 334
samples/negative_unlabelled/n04349189_1892.jpg 1 206 96 78 78
samples/negative_unlabelled/n04349189_1986.jpg 1 95 34 325 325
samples/negative_unlabelled/n04349189_2049.jpg 1 133 338 7 7
samples/negative_unlabelled/n04349189_2258.jpg 1 4 4 280 273
samples/negative_unlabelled/n04349189_2365.jpg 1 245 152 13 16
samples/negative_unlabelled/n04349189_2513.jpg 1 9 1 239 243
samples/negative_unlabelled/n04349189_2699.jpg 2 48 59 30 30 17 62 31 32
samples/negative_unlabelled/n04349189_2836.jpg 1 185 131 135 131
samples/negative_unlabelled/n04349189_2947.jpg 2 230 386 6 6 199 349 6 6
samples/negative_unlabelled/n04349189_3076.jpg 1 259 86 30 30
samples/negative_unlabelled/n04349189_3309.jpg 1 11 4 244 244
samples/negative_unlabelled/n04349189_345.jpg 3 3 3 80 80 34 34 18 18 20 20 45 45
samples/negative_unlabelled/n04349189_551.jpg 1 85 51 413 386
samples/negative_unlabelled/n04349189_721.jpg 1 147 165 8 8
samples/negative_unlabelled/n04448361_10197.jpg 1 324 2 6 6
samples/negative_unlabelled/n04448361_10264.jpg 1 384 21 14 15
samples/negative_unlabelled/n04448361_1034.jpg 1 11 4 244 244
samples/negative_unlabelled/n04448361_10907.jpg 1 2 47 33 32
samples/negative_unlabelled/n04448361_11098.jpg 5 137 76 222 222 291 111 25 25 299 120 8 8 371 26 20 20 328 359 11 14
samples/negative_unlabelled/n04448361_11216.jpg 2 83 289 9 7 107 333 14 6
samples/negative_unlabelled/n04448361_11315.jpg 2 7 1 328 331 47 41 248 252
samples/negative_unlabelled/n04448361_11510.jpg 1 260 3 232 226
samples/negative_unlabelled/n04448361_11659.jpg 1 5 6 524 524
samples/negative_unlabelled/n04448361_12243.jpg 3 48 42 249 246 42 35 257 257 8 0 326 331
samples/negative_unlabelled/n04448361_1415.jpg 1 18 134 16 23
samples/negative_unlabelled/n04448361_1546.jpg 1 325 130 13 12
samples/negative_unlabelled/n04448361_1714.jpg 1 222 393 12 12
samples/negative_unlabelled/n04448361_1976.jpg 3 312 129 45 43 335 182 39 39 273 234 46 46
samples/negative_unlabelled/n04448361_2060.jpg 2 64 14 17 19 16 3 115 131
samples/negative_unlabelled/n04448361_2230.jpg 1 45 32 301 300
samples/negative_unlabelled/n04448361_2429.jpg 2 234 121 27 32 117 259 42 42
samples/negative_unlabelled/n04448361_2497.jpg 1 7 3 486 486
samples/negative_unlabelled/n04448361_2568.jpg 1 2 8 52 52
samples/negative_unlabelled/n04448361_2863.jpg 9 280 124 152 181 42 171 211 162 276 189 15 18 279 192 10 10 288 176 10 10 193 186 17 13 275 228 6 6 131 178 16 13 67 282 16 16
samples/negative_unlabelled/n04448361_2970.jpg 1 414 365 8 8
samples/negative_unlabelled/n04448361_3125.jpg 1 4 5 85 85
samples/negative_unlabelled/n04448361_3361.jpg 1 4 5 140 137
samples/negative_unlabelled/n04448361_3597.jpg 1 29 36 88 76
samples/negative_unlabelled/n04448361_3734.jpg 1 308 288 6 6
samples/negative_unlabelled/n04448361_3786.jpg 1 163 88 158 162
samples/negative_unlabelled/n04448361_3850.jpg 2 74 9 64 64 1 7 66 66
samples/negative_unlabelled/n04448361_4116.jpg 2 309 252 11 11 6 184 7 7
samples/negative_unlabelled/n04448361_4445.jpg 2 2 -4 317 319 175 23 5 5
samples/negative_unlabelled/n04448361_4576.jpg 3 62 190 17 29 259 10 7 7 447 130 8 8
samples/negative_unlabelled/n04448361_4681.jpg 1 59 336 9 11
samples/negative_unlabelled/n04448361_4838.jpg 1 3 3 239 239
samples/negative_unlabelled/n04448361_5698.jpg 1 91 62 25 34
samples/negative_unlabelled/n04448361_5790.jpg 2 3 6 240 243 254 5 241 246
samples/negative_unlabelled/n04448361_6332.jpg 1 6 5 123 125
samples/negative_unlabelled/n04448361_6411.jpg 2 43 40 257 249 7 -3 329 337
samples/negative_unlabelled/n04448361_7253.jpg 3 203 350 5 5 168 292 5 5 15 282 11 11
samples/negative_unlabelled/n04448361_7404.jpg 2 5 1 327 328 250 45 15 20
samples/negative_unlabelled/n04448361_7504.jpg 1 194 124 15 15
samples/negative_unlabelled/n04448361_816.jpg 2 376 6 9 9 210 117 22 16
samples/negative_unlabelled/n04448361_8245.jpg 3 280 116 7 7 147 147 7 7 339 91 15 15
samples/negative_unlabelled/n04448361_8369.jpg 1 55 34 386 386
samples/negative_unlabelled/n04448361_8463.jpg 2 239 241 35 30 182 177 29 29
samples/negative_unlabelled/n04448361_8971.jpg 1 7 -1 337 337
samples/negative_unlabelled/n04448361_915.jpg 1 163 100 197 196
samples/negative_unlabelled/n04448361_9216.jpg 1 144 313 12 10
samples/negative_unlabelled/n04448361_9273.jpg 14 176 126 14 14 344 257 9 9 203 300 9 9 224 47 37 37 306 77 34 49 215 129 42 51 385 137 42 57 101 84 44 35 173 166 45 57 367 77 49 31 55 247 66 53 246 214 59 56 175 270 67 62 318 227 56 64
samples/negative_unlabelled/n04448361_9375.jpg 1 15 192 11 11
samples/negative_unlabelled/n04448361_9427.jpg 1 304 174 8 9
samples/negative_unlabelled/n04448361_947.jpg 2 377 377 120 120 252 378 120 120
samples/negative_unlabelled/n04448361_9575.jpg 1 83 39 200 199
samples/negative_unlabelled/n04448361_9776.jpg 1 80 249 5 5
samples/negative_unlabelled/n04448361_9956.jpg 2 337 246 87 77 55 148 118 84
samples/negative_unlabelled/n11691046_10447.jpg 16 691 247 10 10 682 498 7 7 500 184 6 6 271 475 10 9 343 601 7 7 114 179 8 21 12 226 12 10 133 99 11 11 149 133 6 6 342 667 11 8 4 291 13 13 309 625 10 13 154 649 13 7 402 661 7 9 144 601 7 7 489 6 8 8
samples/negative_unlabelled/n11691046_11162.jpg 3 180 371 17 17 97 360 16 16 317 222 14 13
samples/negative_unlabelled/n11691046_11885.jpg 4 80 77 19 11 206 281 9 9 23 136 12 12 196 235 7 9
samples/negative_unlabelled/n11691046_11977.jpg 5 304 38 10 10 244 149 9 9 346 433 9 9 145 330 8 8 8 310 8 8
samples/negative_unlabelled/n11691046_12946.jpg 1 287 131 13 13
samples/negative_unlabelled/n11691046_13064.jpg 1 177 278 28 28
samples/negative_unlabelled/n11691046_13184.jpg 1 404 178 41 60
samples/negative_unlabelled/n11691046_13477.jpg 1 362 145 7 7
samples/negative_unlabelled/n11691046_13849.jpg 1 179 80 22 16
samples/negative_unlabelled/n11691046_14069.jpg 4 404 343 12 12 275 231 27 27 127 204 26 26 252 255 27 27
samples/negative_unlabelled/n11691046_14190.jpg 3 100 432 21 22 101 437 19 13 207 180 15 12
samples/negative_unlabelled/n11691046_14522.jpg 1 107 90 10 7
samples/negative_unlabelled/n11691046_15947.jpg 1 62 36 9 9
samples/negative_unlabelled/n11691046_16205.jpg 1 313 77 8 15
samples/negative_unlabelled/n11691046_16345.jpg 2 33 193 12 9 37 210 10 10
samples/negative_unlabelled/n11691046_16455.jpg 1 478 288 9 13
samples/negative_unlabelled/n11691046_16628.jpg 2 91 76 8 8 13 144 6 6
samples/negative_unlabelled/n11691046_16794.jpg 1 101 264 10 13
samples/negative_unlabelled/n11691046_16940.jpg 1 200 258 15 15
samples/negative_unlabelled/n11691046_17057.jpg 1 338 215 9 9
samples/negative_unlabelled/n11691046_17138.jpg 1 59 221 9 13
samples/negative_unlabelled/n11691046_17830.jpg 1 115 55 7 16
samples/negative_unlabelled/n11691046_18169.jpg 2 302 104 7 7 259 95 9 9
samples/negative_unlabelled/n11691046_18509.jpg 3 431 501 9 13 1352 1124 11 11 1572 360 7 7
samples/negative_unlabelled/n11691046_18813.jpg 1 39 21 8 11
samples/negative_unlabelled/n11691046_19952.jpg 4 97 26 24 15 112 56 7 7 248 2 6 6 242 9 7 7
samples/negative_unlabelled/n11691046_20858.jpg 2 437 284 19 21 485 212 11 11
samples/negative_unlabelled/n11691046_21779.jpg 1 211 105 25 7
samples/negative_unlabelled/n11691046_22489.jpg 1 90 180 6 6
samples/negative_unlabelled/n11691046_23455.jpg 2 336 109 10 12 306 92 13 10
samples/negative_unlabelled/n11691046_24047.jpg 1 209 3 41 36
samples/negative_unlabelled/n11691046_24485.jpg 1 272 181 9 12
samples/negative_unlabelled/n11691046_25314.jpg 1 86 25 11 11
samples/negative_unlabelled/n11691046_25845.jpg 3 334 135 11 14 124 208 9 9 38 243 11 11
samples/negative_unlabelled/n11691046_26368.jpg 1 137 238 17 10
samples/negative_unlabelled/n11691046_3595.jpg 7 400 460 13 11 432 286 28 9 624 312 19 15 434 391 16 14 376 477 9 9 587 408 7 7 684 225 9 9
samples/negative_unlabelled/n11691046_5293.jpg 49 766 262 14 13 977 180 12 15 503 655 9 21 368 535 12 13 729 268 8 8 628 60 9 9 843 322 12 14 560 758 12 11 956 259 10 10 902 177 11 11 137 649 9 15 392 553 10 16 366 773 8 8 1233 861 25 22 280 286 13 13 1181 445 14 20 874 167 25 12 504 788 9 9 1052 224 10 10 1116 412 15 15 56 591 10 15 272 847 14 21 757 168 8 11 466 756 7 7 1159 303 8 13 208 482 8 8 334 647 7 7 394 456 8 8 65 622 9 9 794 49 8 8 230 589 13 10 1138 231 8 8 545 750 8 8 122 183 15 15 68 420 16 16 57 260 9 9 255 81 10 10 1137 331 9 10 714 111 8 8 377 308 7 11 35 74 11 7 150 505 16 15 7 271 14 14 268 56 10 10 1009 226 8 8 332 0 8 8 1163 216 8 8 1254 142 9 8 37 87 7 7
samples/negative_unlabelled/n11691046_558.jpg 1 10 128 19 19
samples/negative_unlabelled/n11691046_5784.jpg 1 321 122 6 6
samples/negative_unlabelled/n11691046_6201.jpg 2 46 31 8 8 230 179 5 5
samples/negative_unlabelled/n11691046_6326.jpg 1 280 184 13 11
samples/negative_unlabelled/n11691046_6547.jpg 1 473 418 19 19
samples/negative_unlabelled/n11691046_7015.jpg 18 291 836 10 10 314 798 9 9 329 807 9 10 973 624 12 13 581 27 21 18 427 -1 10 9 846 680 10 10 604 43 12 12 838 161 10 10 58 570 12 12 296 566 13 12 1116 313 12 12 778 717 11 11 611 153 10 10 746 307 13 9 107 265 9 9 607 57 10 10 467 82 10 8
samples/negative_unlabelled/n11691046_7270.jpg 8 324 51 12 12 469 11 13 13 138 258 15 15 316 22 7 7 20 382 12 12 602 166 16 10 590 321 16 13 474 92 10 10
samples/negative_unlabelled/n11691046_7780.jpg 3 211 146 8 8 228 201 9 9 68 108 10 12
samples/negative_unlabelled/n11691046_8351.jpg 2 494 445 6 6 249 296 6 6
samples/negative_unlabelled/n11691046_8839.jpg 2 111 393 6 6 278 455 6 6
samples/negative_unlabelled/n11691046_9165.jpg 2 51 532 15 10 154 316 10 10
samples/negative_unlabelled/n11691046_9389.jpg 3 9 224 19 21 112 541 19 19 41 146 14 17
samples/negative_unlabelled/n11691046_9788.jpg 1 220 4 23 23
samples/negative_unlabelled/n11692792_1374.jpg 2 163 40 11 12 392 487 11 11
samples/negative_unlabelled/n11692792_154.jpg 8 333 253 16 12 388 358 13 13 32 157 9 9 409 347 10 10 54 251 17 15 422 271 8 14 58 186 9 9 47 189 8 8
samples/negative_unlabelled/n11692792_1669.jpg 2 466 67 7 7 444 58 8 8
samples/negative_unlabelled/n11692792_1879.jpg 1 456 375 12 12
samples/negative_unlabelled/n11692792_208.jpg 8 293 280 24 22 221 200 19 25 336 214 21 21 420 30 19 19 356 343 21 24 391 228 20 20 442 354 20 19 163 212 17 17
samples/negative_unlabelled/n11692792_2441.jpg 1 141 174 17 13
samples/negative_unlabelled/n11692792_2800.jpg 1 155 19 13 13
samples/negative_unlabelled/n11692792_2894.jpg 2 449 240 16 11 356 260 9 9
samples/negative_unlabelled/n11692792_3091.jpg 2 1854 860 15 15 1557 1419 13 24
samples/negative_unlabelled/n11692792_3452.jpg 1 142 223 13 13
samples/negative_unlabelled/n11692792_4522.jpg 1 330 58 8 11
samples/negative_unlabelled/n11692792_5207.jpg 1 247 17 12 13
samples/negative_unlabelled/n11692792_5338.jpg 1 14 115 16 16
samples/negative_unlabelled/n11692792_5477.jpg 2 407 134 8 8 461 66 10 11
samples/negative_unlabelled/n11692792_5600.jpg 7 222 419 19 19 309 475 25 27 119 275 12 12 654 554 15 15 670 200 12 12 31 520 18 24 274 480 23 23
samples/negative_unlabelled/n11692792_6101.jpg 1 307 572 9 9
samples/negative_unlabelled/n11692792_6215.jpg 1 488 28 10 10
samples/negative_unlabelled/n11692792_6453.jpg 1 404 359 16 5
samples/negative_unlabelled/n11692792_6600.jpg 2 160 356 13 24 34 23 8 8
samples/negative_unlabelled/n11692792_708.jpg 1 206 15 23 8
samples/negative_unlabelled/n11692792_7545.jpg 1 301 123 8 8
samples/negative_unlabelled/n11692792_8083.jpg 2 83 420 10 10 19 373 11 11
samples/negative_unlabelled/n11692792_8173.jpg 2 208 159 9 9 14 32 9 9
samples/negative_unlabelled/n13007034_11591.jpg 3 238 348 9 8 267 360 6 6 318 349 8 7
samples/negative_unlabelled/n13007034_1176.jpg 3 318 16 9 9 136 103 10 10 70 319 7 8
samples/negative_unlabelled/n13007034_12061.jpg 1 102 17 8 8
samples/negative_unlabelled/n13007034_12388.jpg 6 150 108 5 7 378 260 5 5 150 71 5 7 140 83 5 7 324 268 9 7 146 252 8 5
samples/negative_unlabelled/n13007034_12523.jpg 1 6 44 13 12
samples/negative_unlabelled/n13007034_12726.jpg 1 369 255 8 8
samples/negative_unlabelled/n13007034_13139.jpg 1 94 376 7 7
samples/negative_unlabelled/n13007034_14602.jpg 9 210 366 12 20 120 349 16 25 329 338 32 17 250 363 16 16 139 330 22 22 220 347 19 19 180 321 24 24 384 299 23 23 230 316 23 25
samples/negative_unlabelled/n13007034_14797.jpg 1 429 174 31 22
samples/negative_unlabelled/n13007034_2139.jpg 1 132 165 10 10
samples/negative_unlabelled/n13007034_2364.jpg 2 50 69 6 6 89 51 8 9
samples/negative_unlabelled/n13007034_2438.jpg 4 361 172 13 9 292 179 7 7 334 176 8 8 308 184 6 7
samples/negative_unlabelled/n13007034_2869.jpg 2 155 168 6 8 377 53 12 16
samples/negative_unlabelled/n13007034_3278.jpg 1 349 119 9 9
samples/negative_unlabelled/n13007034_4803.jpg 1 65 227 11 10
samples/negative_unlabelled/n13007034_5098.jpg 1 111 10 9 9
samples/negative_unlabelled/n13007034_5626.jpg 1 436 236 11 11
samples/negative_unlabelled/n13007034_5822.jpg 3 285 234 13 8 338 224 7 13 68 244 8 10
samples/negative_unlabelled/n13007034_6213.jpg 1 181 234 19 16
samples/negative_unlabelled/n13007034_6287.jpg 2 54 75 11 11 171 142 14 14
samples/negative_unlabelled/n13007034_7294.jpg 4 94 75 27 22 87 152 18 19 69 84 23 24 111 162 18 15
samples/negative_unlabelled/n13007034_7640.jpg 1 96 243 14 13
samples/negative_unlabelled/n13007034_8059.jpg 1 186 247 10 13
samples/negative_unlabelled/n13007034_8165.jpg 1 299 387 7 9
samples/negative_unlabelled/n13007034_846.jpg 2 127 135 22 22 128 116 20 17
samples/negative_unlabelled/n13007034_9096.jpg 1 141 61 23 19
samples/negative_unlabelled/n13007034_9275.jpg 2 305 203 41 47 29 330 7 7
samples/negative_unlabelled/n13007034_9892.jpg 1 424 234 24 19
samples/negative_unlabelled/n13873502_10313.jpg 11 137 167 27 26 176 257 19 19 98 50 12 12 221 64 12 12 179 261 12 12 337 32 9 9 141 172 18 18 56 44 6 6 194 30 5 5 316 211 20 20 249 65 9 8
samples/negative_unlabelled/n13873502_10786.jpg 7 335 87 26 25 156 58 25 25 144 81 192 195 262 197 7 7 257 208 7 7 233 207 7 7 235 183 7 7
samples/negative_unlabelled/n13873502_10983.jpg 1 262 199 13 13
samples/negative_unlabelled/n13873502_11619.jpg 3 -1 28 20 20 -1 380 20 20 -1 202 20 20
samples/negative_unlabelled/n13873502_11793.jpg 1 323 25 5 5
samples/negative_unlabelled/n13873502_12109.jpg 3 100 50 5 5 120 42 20 20 17 47 14 10
samples/negative_unlabelled/n13873502_12406.jpg 3 9 188 5 5 405 187 5 5 260 369 19 11
samples/negative_unlabelled/n13873502_12847.jpg 10 356 83 6 6 327 98 8 8 192 275 8 8 270 159 9 9 406 214 8 8 252 75 7 7 194 302 7 7 107 275 7 7 168 225 9 9 192 215 8 8
samples/negative_unlabelled/n13873502_12957.jpg 1 94 21 306 306
samples/negative_unlabelled/n13873502_13280.jpg 1 324 266 6 6
samples/negative_unlabelled/n13873502_13598.jpg 1 18 325 10 17
samples/negative_unlabelled/n13873502_13712.jpg 59 218 308 20 20 456 144 17 17 331 167 14 16 191 109 16 16 200 304 16 16 469 180 19 19 184 444 13 13 181 441 18 18 57 166 17 17 436 109 16 18 441 159 19 19 54 120 19 19 180 248 18 18 424 125 16 16 306 172 19 17 152 146 19 19 102 422 14 14 383 131 14 15 68 192 16 16 76 295 14 14 133 444 16 16 411 107 19 19 321 400 16 16 136 446 11 11 365 89 19 19 369 145 12 12 198 45 19 19 87 410 14 14 412 82 13 13 344 256 15 16 196 384 19 19 78 341 20 19 188 89 19 19 307 195 18 18 66 210 18 18 187 210 16 19 347 181 13 13 312 336 15 15 316 213 17 19 204 410 17 17 455 217 20 19 72 394 17 17 184 401 18 18 438 205 19 19 104 277 17 17 170 418 10 14 362 435 19 19 165 285 10 10 120 434 13 13 114 406 16 16 117 432 18 18 160 342 18 18 374 282 14 14 312 359 17 15 58 378 18 18 60 250 16 16 354 270 19 19 420 217 18 19 133 374 18 18
samples/negative_unlabelled/n13873502_13875.jpg 1 189 153 15 15
samples/negative_unlabelled/n13873502_14398.jpg 1 198 210 104 104
samples/negative_unlabelled/n13873502_14833.jpg 3 398 327 8 8 273 325 10 10 313 310 10 10
samples/negative_unlabelled/n13873502_15302.jpg 1 242 233 27 27
samples/negative_unlabelled/n13873502_15565.jpg 3 179 95 138 137 196 112 103 103 238 151 26 26
samples/negative_unlabelled/n13873502_15898.jpg 2 170 131 166 172 194 154 116 116
samples/negative_unlabelled/n13873502_1631.jpg 382 1390 696 11 11 1352 662 11 11 1426 736 12 10 1446 785 11 11 838 656 10 10 1133 1111 10 10 1032 588 12 12 411 811 21 21 567 1441 22 22 1270 1278 9 9 948 1489 8 8 604 1167 8 8 1273 1251 9 9 1021 1443 9 9 1414 1218 9 9 618 601 8 8 838 1352 9 9 903 1484 9 9 1046 632 12 12 1654 1376 8 8 587 1426 9 9 960 1497 9 9 605 1088 9 9 818 1515 9 9 1272 1521 22 22 968 1309 9 9 1022 1340 9 9 1265 1439 8 8 1101 1306 9 9 1297 1317 9 9 1590 1418 9 9 1539 1485 9 9 643 607 9 9 1384 762 11 11 1511 1219 9 9 525 1283 9 9 1573 1385 9 9 957 1399 9 9 940 1419 9 9 1068 1428 9 9 1301 1516 9 9 1373 1576 9 9 1251 335 8 9 1689 1196 9 9 479 1297 9 9 841 1451 9 9 1348 1486 22 22 871 1522 9 9 1388 1211 9 9 848 1263 9 9 1139 1298 9 9 1184 1309 9 9 1671 1333 10 10 1183 1378 8 8 860 1405 9 9 1058 1417 9 9 1235 1443 23 23 686 1518 9 9 989 1529 9 9 1099 1531 9 9 1051 1604 9 9 1020 343 8 8 1694 1007 9 9 645 1139 9 9 1708 1241 23 23 1377 1284 9 9 1559 1291 8 8 1266 1356 9 9 1373 1386 9 9 1307 1396 9 9 1341 1432 9 9 1188 1473 9 9 638 1326 8 8 719 1323 9 9 1277 1332 23 23 671 1396 9 9 1097 1409 8 8 765 1484 9 9 700 1517 9 9 918 1606 9 9 1658 1299 8 8 955 1301 9 9 615 1312 8 8 1207 1349 8 8 742 1407 9 9 813 1560 9 9 1146 1584 9 9 649 562 9 9 604 1250 8 8 1164 1268 9 9 1059 1274 9 9 1357 1330 9 9 1421 1371 9 9 1334 1395 9 9 714 546 22 22 1594 630 8 8 1734 1128 8 8 754 1174 9 9 630 1174 9 9 1583 1222 9 9 1595 1229 9 9 397 1227 9 9 795 1288 9 9 1260 1343 9 9 747 1361 9 9 565 1374 9 9 918 1376 8 8 1368 1471 9 9 1136 1573 9 9 1130 1618 9 9 1529 600 9 9 1686 630 9 9 577 999 8 8 534 1013 9 9 518 1131 9 9 567 1173 8 8 987 1263 9 9 1723 1273 8 8 1187 1282 9 9 902 1294 9 9 450 1317 9 9 681 1323 9 9 553 1350 8 8 945 1374 9 9 1616 1409 9 9 1337 1510 8 8 1159 1509 9 9 898 1530 9 9 543 1158 9 9 1302 1232 9 9 1263 1241 9 9 1308 1244 9 9 1178 1271 9 9 516 1273 9 9 1087 1303 9 9 1497 1329 8 8 1069 1344 9 9 794 1367 9 9 823 1430 9 9 1218 1441 9 9 1498 1444 9 9 1178 1463 9 9 706 1472 8 8 1009 1534 6 6 332 988 9 9 1705 999 9 9 891 1020 12 13 1591 1034 9 9 611 1075 9 9 723 1212 9 9 558 1252 8 8 1146 1310 9 9 1371 1329 9 9 1108 1344 9 9 1609 1372 9 9 1391 1406 9 9 1604 1418 9 9 804 1512 9 9 884 1530 9 9 1061 1531 10 10 1011 1573 9 9 906 1599 9 9 932 1606 9 9 1221 452 8 8 1755 701 9 9 1576 1152 9 9 463 1242 9 9 1662 1271 8 9 497 1318 9 9 1396 1357 9 9 788 1354 9 9 711 1374 8 8 1314 1441 9 9 1223 1467 9 9 1140 1488 9 9 1434 1486 9 9 1292 1506 9 9 782 1527 9 9 1643 443 8 8 1408 457 8 8 1797 592 8 8 915 991 13 13 400 1086 9 9 526 1200 9 9 594 1239 9 9 839 1243 6 6 1533 1264 9 9 1000 1288 8 8 784 1297 9 9 982 1309 9 9 1173 1318 9 9 1685 1337 9 9 1201 1398 9 9 1148 1408 9 9 914 1413 9 9 1540 1416 9 9 926 1420 9 9 1536 1444 10 8 799 1561 9 9 1143 1610 9 9 1116 1619 9 9 1031 256 9 9 1348 313 9 9 1490 321 9 8 1088 333 9 9 1371 381 8 8 1618 1041 9 9 642 1166 9 9 1615 1183 9 9 1674 1196 9 9 634 1218 8 9 407 1237 9 9 650 1251 9 9 1346 1244 9 9 753 1263 9 9 1614 1287 9 9 870 1333 9 9 1292 1363 9 9 990 1378 9 9 1023 1429 9 9 986 1488 8 8 1397 1547 9 9 1098 1599 9 9 985 173 9 9 1692 581 9 9 1711 622 9 9 1700 630 9 9 419 666 8 8 1588 729 9 9 1292 964 13 13 598 1154 9 9 557 1162 9 9 421 1162 9 9 1541 1333 9 9 1491 1375 9 9 533 1395 9 9 1215 1398 9 9 1254 1531 9 9 1192 191 9 9 871 213 9 9 969 289 8 9 952 425 9 9 928 454 8 8 1526 503 8 8 1610 664 9 9 489 677 8 8 1807 1051 9 9 567 1089 9 9 1610 1229 9 9 1540 1230 7 7 1738 1237 9 9 1501 1243 9 9 1545 1255 9 9 1070 1266 9 9 1257 1286 9 9 1310 1342 9 9 955 1384 9 9 1511 1451 9 9 1599 356 9 9 1609 367 8 8 927 399 9 9 786 431 9 9 874 991 13 13 527 1000 8 8 504 1131 9 9 564 1200 8 8 477 1242 9 9 754 1399 8 8 683 1420 9 9 670 1484 9 9 975 104 9 9 1414 368 8 8 1487 387 8 8 1306 421 9 9 1663 1189 8 8 1578 1209 9 9 893 1300 7 7 1488 1335 7 7 1411 1360 9 9 1227 1389 9 9 791 1476 9 9 1264 343 8 8 1170 344 8 8 1425 416 9 9 985 664 14 12 930 1021 13 13 1657 1072 9 9 1692 1239 9 9 1632 1307 9 9 522 1310 9 9 1508 1353 9 9 623 1361 9 9 1302 1433 9 9 952 1452 9 9 1103 1504 9 8 1374 305 8 8 1461 356 8 8 1483 505 9 9 720 528 9 9 877 724 14 14 1311 936 13 13 1544 1064 9 9 522 1175 8 8 482 1196 9 9 537 1208 9 9 1345 1322 9 9 1063 1628 9 9 789 258 8 8 858 303 8 8 942 363 8 8 1019 436 8 8 1668 1000 9 9 801 1275 8 8 1387 1294 9 9 1121 1379 9 9 593 1464 8 8 1644 360 9 9 894 379 9 9 1096 402 8 8 1251 417 8 8 1624 664 9 9 1818 675 9 9 891 694 13 13 1390 937 13 12 854 962 13 13 1698 1064 9 9 648 1153 9 8 530 1163 9 9 1348 1517 9 9 981 281 9 9 776 421 9 8 1032 443 8 8 1629 477 9 9 1753 513 8 8 595 532 9 9 430 594 8 8 476 677 9 9 1089 1023 12 12 608 1061 9 9 525 1098 6 6 492 1124 9 9 1045 1414 9 9 1741 520 9 9 1705 585 9 9 456 601 8 8 1210 696 13 12 1823 733 9 9 894 962 13 13 1027 1055 12 12 1412 272 9 9 1247 444 9 9 1367 489 9 9 1553 510 8 8 1602 552 8 8 1797 631 8 8 970 1021 13 13 1222 157 8 8 1107 410 9 9 899 473 9 9 1770 600 9 9 930 694 14 12 1277 728 12 12 715 1482 8 8 1206 331 9 9 1349 490 7 7 1146 664 12 12 1458 1163 9 9 900 392 8 8 812 509 6 6 862 202 8 8 1243 267 9 9 970 345 9 9 692 452 8 8 1176 465 8 8 627 511 9 9 1332 965 13 13 1556 277 9 9 1209 445 8 8 473 580 8 8 947 663 11 14 856 247 9 8 1063 423 9 9
samples/negative_unlabelled/n13873502_16648.jpg 2 24 24 386 386 37 34 353 360
samples/negative_unlabelled/n13873502_17450.jpg 87 234 231 9 9 32 286 16 12 180 280 7 7 316 383 19 19 171 191 14 13 272 139 12 10 65 304 15 16 260 202 15 15 21 425 21 25 215 202 14 17 229 187 12 15 313 170 14 11 336 465 24 24 264 205 7 7 177 227 20 20 55 216 22 24 347 248 17 21 58 218 16 18 201 260 21 24 92 414 15 10 54 161 9 10 358 307 8 9 152 243 10 8 196 284 23 26 15 154 9 13 294 172 7 7 136 216 14 11 228 228 19 15 202 288 12 14 332 421 25 22 331 356 21 22 206 161 15 11 278 244 12 12 337 329 22 18 208 149 6 6 238 448 10 8 77 475 18 17 33 160 11 10 122 256 17 15 257 270 7 7 144 361 21 21 226 184 17 21 120 279 15 14 94 264 13 16 192 405 8 11 212 175 12 14 76 253 14 14 299 284 15 18 106 329 20 17 247 153 12 13 283 267 8 8 175 277 17 14 74 163 8 10 14 264 20 14 346 272 16 16 293 314 10 10 242 208 10 9 254 388 8 10 84 131 9 9 41 464 22 23 306 265 7 7 302 125 6 6 147 236 19 20 133 467 9 10 185 204 19 20 342 471 12 12 2 458 28 26 350 275 9 9 349 221 15 12 316 183 15 20 276 91 6 6 320 303 22 20 37 315 12 8 195 187 16 17 325 256 13 16 250 182 17 19 259 227 8 8 278 220 16 16 95 239 17 16 296 185 13 14 145 261 24 24 124 183 5 7 354 195 14 12 205 267 14 11 287 203 8 7 306 113 9 9 343 123 5 5
samples/negative_unlabelled/n13873502_1790.jpg 2 176 20 141 140 336 18 141 143
samples/negative_unlabelled/n13873502_19221.jpg 1 10 10 336 336
samples/negative_unlabelled/n13873502_19813.jpg 1 5 2 142 141
samples/negative_unlabelled/n13873502_20154.jpg 1 1 2 297 297
samples/negative_unlabelled/n13873502_21064.jpg 1123 113 309 7 7 210 210 9 9 157 288 6 6 92 122 7 7 102 298 7 7 102 209 8 8 91 330 7 7 178 123 7 7 91 209 9 9 154 12 7 7 81 330 7 7 114 178 6 6 124 189 7 7 81 198 7 7 188 210 9 9 199 221 8 8 145 319 9 9 102 232 7 7 103 199 7 7 178 221 7 7 146 232 7 7 178 244 6 6 70 297 7 7 60 220 7 7 134 298 7 7 58 308 7 7 104 167 5 5 397 211 9 9 113 111 7 7 113 209 9 9 113 330 7 7 168 179 6 6 124 298 7 7 135 342 7 7 154 480 5 5 194 51 6 6 29 122 7 7 50 122 7 7 190 179 6 6 70 341 7 7 130 282 5 5 147 419 7 7 143 12 7 7 135 232 7 7 98 249 5 5 33 270 6 6 37 307 7 7 82 188 7 7 38 231 7 7 27 329 7 7 124 331 7 7 125 408 7 7 228 93 11 11 185 162 5 5 92 220 7 7 37 296 7 7 364 345 7 7 265 110 11 11 40 122 7 7 223 146 11 11 121 12 7 7 80 78 7 7 125 178 6 6 72 417 7 7 148 463 6 6 145 78 7 7 270 174 11 11 200 189 7 7 71 220 7 7 342 345 7 7 167 122 7 7 110 162 6 6 189 200 8 8 130 271 6 6 109 359 5 5 198 23 6 6 167 89 7 7 281 88 11 11 341 312 8 8 135 331 7 7 83 450 7 7 154 469 5 5 132 12 7 7 165 12 7 7 133 23 6 6 102 89 7 7 99 161 5 5 69 308 7 7 330 311 8 8 158 452 7 7 200 57 5 5 188 78 7 7 104 145 5 5 184 151 5 5 29 177 6 6 108 260 6 6 130 293 5 5 81 68 6 6 134 100 9 9 7 187 7 7 92 199 7 7 199 200 7 7 49 276 5 5 114 353 6 6 109 370 5 5 103 397 6 6 254 35 5 5 70 100 8 8 152 140 5 5 375 234 7 7 146 244 6 6 82 254 5 5 37 329 7 7 124 122 7 7 83 134 6 6 93 134 6 6 114 189 7 7 130 260 6 6 98 271 5 5 326 273 6 6 50 416 7 7 72 450 7 7 208 12 7 7 70 89 7 7 174 151 6 6 250 154 11 11 37 340 7 7 135 353 6 6 109 381 6 6 136 408 7 7 205 51 6 6 140 63 5 5 71 122 7 7 113 220 7 7 173 250 5 5 39 253 5 5 386 345 7 7 143 1 8 8 134 35 5 5 305 55 11 11 28 68 6 6 101 78 7 7 220 104 11 11 190 134 6 6 260 164 11 11 109 173 5 5 124 199 7 7 188 221 8 8 50 254 5 5 48 286 6 6 319 322 9 9 392 385 6 6 158 440 8 8 147 451 7 7 253 23 6 6 54 63 5 5 273 99 11 11 416 119 5 5 239 123 11 11 120 140 5 5 25 161 6 6 14 172 5 5 55 259 6 6 120 392 5 5 129 41 5 5 315 65 11 11 38 68 6 6 113 68 6 6 123 111 7 7 109 140 5 5 168 134 6 6 167 189 7 7 44 259 6 6 113 287 6 6 59 341 7 7 102 341 7 7 98 370 5 5 146 408 7 7 197 12 7 7 259 18 5 5 194 40 6 6 340 53 11 11 231 135 11 11 216 179 11 11 71 188 7 7 136 419 7 7 73 461 6 6 219 0 8 8 270 58 11 11 342 74 11 11 134 78 7 7 409 90 8 8 166 100 8 8 292 119 11 11 167 210 8 8 87 271 6 6 385 334 8 8 44 357 5 5 143 479 5 5 263 0 8 8 205 40 5 5 113 57 5 5 8 122 7 7 302 129 11 11 147 178 6 6 103 277 5 5 108 282 5 5 81 297 7 7 348 362 6 6 154 1 8 8 330 43 11 11 183 63 5 5 200 68 6 6 82 122 7 7 177 210 9 9 124 221 7 7 33 259 6 6 98 260 5 5 337 285 6 6 385 322 9 9 125 365 5 5 55 380 6 6 114 397 6 6 90 489 5 5 122 24 6 6 177 23 6 6 194 62 5 5 156 89 7 7 168 146 5 5 88 150 6 6 278 163 11 11 135 243 6 6 28 242 6 6 348 373 6 6 354 411 7 7 209 23 6 6 75 30 5 5 108 63 5 5 205 62 5 5 59 68 6 6 177 78 7 7 145 89 7 7 258 143 11 11 427 164 6 6 177 232 7 7 87 249 5 5 354 280 5 5 70 330 7 7 147 365 5 5 120 370 5 5 82 397 6 6 230 0 8 8 111 12 7 7 140 51 6 6 145 111 7 7 420 191 7 7 408 201 8 8 102 220 7 7 91 308 7 7 125 387 5 5 8 425 8 8 354 444 8 8 263 12 7 7 155 35 5 5 248 40 6 6 54 52 5 5 156 68 6 6 156 78 7 7 134 89 7 7 199 89 7 7 156 111 7 7 135 122 7 7 146 134 6 6 4 150 6 6 179 168 5 5 156 221 7 7 156 232 7 7 27 340 7 7 98 381 6 6 82 418 7 7 79 467 5 5 150 29 5 5 178 57 5 5 236 82 11 11 145 122 7 7 104 134 6 6 130 140 5 5 4 139 5 5 135 221 8 8 141 271 6 6 60 276 5 5 91 298 7 7 83 439 7 7 343 455 7 7 199 100 8 8 225 188 11 11 146 255 5 5 363 301 7 7 38 351 6 6 146 429 9 9 159 474 5 5 232 35 5 5 243 35 5 5 307 75 11 11 284 130 11 11 9 133 6 6 206 169 11 11 416 163 5 5 135 199 7 7 71 198 7 7 81 287 6 6 386 290 6 6 145 309 7 7 47 318 9 9 408 334 8 8 29 405 7 7 354 422 8 8 101 489 5 5 155 23 6 6 53 30 5 5 167 78 7 7 359 73 11 11 199 78 7 7 210 78 7 7 188 89 7 7 14 150 6 6 103 254 5 5 162 261 5 5 91 319 8 8 397 334 8 8 114 365 5 5 136 398 6 6 143 468 5 5 219 12 7 7 111 24 6 6 265 35 5 5 112 100 9 9 113 122 7 7 83 145 5 5 141 151 5 5 25 150 6 6 120 151 5 5 71 242 6 6 152 283 5 5 131 381 6 6 93 397 6 6 114 418 7 7 387 455 7 7 128 19 5 5 218 83 12 12 99 129 5 5 78 150 5 5 235 199 11 11 16 307 7 7 109 348 5 5 50 385 5 5 93 407 7 7 147 440 7 7 79 478 5 5 241 12 7 7 274 12 7 7 210 35 5 5 54 41 6 6 75 63 5 5 210 68 6 6 167 111 7 7 14 161 5 5 442 201 8 8 156 210 8 8 134 209 8 8 263 207 11 11 27 230 7 7 66 237 5 5 370 274 6 6 50 406 7 7 343 444 8 8 307 0 8 8 69 24 6 6 297 23 6 6 162 62 5 5 420 90 8 8 123 100 8 8 421 135 6 6 89 139 5 5 35 150 5 5 70 231 7 7 364 246 6 6 22 247 6 6 315 251 5 5 87 259 6 6 157 255 5 5 125 277 5 5 304 285 6 6 429 323 9 9 440 323 9 9 354 401 6 6 420 456 7 7 285 0 8 8 252 0 8 8 252 12 7 7 351 84 11 11 112 89 7 7 326 95 11 11 320 128 11 11 262 186 11 11 49 208 9 9 386 234 7 7 348 274 6 6 8 404 7 7 40 405 7 7 139 41 6 6 295 46 11 11 297 66 11 11 29 89 7 7 189 111 7 7 114 134 6 6 266 131 11 11 416 175 5 5 18 187 7 7 173 261 6 6 40 395 6 6 82 427 8 8 111 489 5 5 128 30 5 5 279 68 11 11 178 68 6 6 324 75 11 11 238 103 11 11 40 133 6 6 294 140 11 11 19 166 5 5 408 246 6 6 17 253 5 5 119 260 6 6 119 271 6 6 396 301 7 7 386 433 9 9 117 30 5 5 97 63 6 6 59 89 7 7 81 111 7 7 35 172 5 5 397 246 6 6 16 296 7 7 3 367 6 6 337 373 6 6 370 384 6 6 343 390 5 5 82 407 7 7 93 428 8 8 69 488 5 5 231 23 6 6 278 47 11 11 286 151 11 11 33 248 5 5 304 273 6 6 58 318 9 9 2 356 5 5 103 364 5 5 137 462 6 6 138 474 5 5 208 0 8 8 107 30 5 5 64 52 6 6 40 111 7 7 328 117 11 11 247 112 11 11 56 129 5 5 152 173 5 5 442 191 7 7 486 201 8 8 17 208 8 8 430 234 7 7 22 258 6 6 320 333 8 8 338 362 6 6 9 383 5 5 161 18 5 5 286 23 6 6 172 51 6 6 118 52 5 5 420 79 7 7 257 122 11 11 268 153 11 11 242 165 11 11 453 201 8 8 167 199 7 7 6 208 8 8 1 280 5 5 119 282 5 5 408 290 6 6 419 291 6 6 385 312 8 8 48 340 7 7 28 351 6 6 92 353 6 6 349 395 6 6 61 406 7 7 114 408 7 7 104 450 7 7 111 468 5 5 274 0 8 8 308 23 6 6 237 40 6 6 91 89 7 7 275 120 11 11 152 151 6 6 438 164 6 6 421 180 6 6 50 198 7 7 475 201 8 8 342 279 5 5 130 348 5 5 360 384 6 6 365 401 6 6 318 0 8 8 332 64 11 11 123 89 7 7 255 101 11 11 212 115 11 11 46 150 6 6 410 180 6 6 76 248 5 5 93 254 5 5 381 285 6 6 152 294 5 5 65 369 6 6 370 373 6 6 56 391 5 5 330 23 6 6 353 35 5 5 124 57 5 5 80 89 7 7 14 139 5 5 276 141 11 11 99 151 5 5 163 151 6 6 124 232 7 7 370 263 6 6 441 280 5 5 440 312 8 8 354 368 5 5 61 385 5 5 40 426 8 8 100 467 6 6 63 472 5 5 319 23 6 6 59 35 5 5 308 96 11 11 50 111 7 7 431 112 8 8 56 161 6 6 24 183 5 5 141 260 6 6 469 275 6 6 135 277 5 5 309 279 5 5 65 292 5 5 66 391 5 5 371 407 5 5 365 422 8 8 365 455 7 7 116 462 6 6 186 1 7 7 47 13 7 7 285 12 7 7 64 41 5 5 107 41 5 5 287 57 11 11 86 63 5 5 350 63 11 11 369 83 11 11 390 125 11 11 131 151 5 5 77 161 6 6 449 164 6 6 77 172 5 5 82 178 6 6 288 173 11 11 145 209 8 8 342 245 6 6 326 296 5 5 342 333 8 8 81 352 6 6 348 351 5 5 354 390 5 5 420 445 8 8 90 478 5 5 357 52 11 11 398 68 6 6 246 91 11 11 221 125 11 11 67 139 5 5 195 162 6 6 314 161 11 11 40 167 5 5 61 177 6 6 465 180 6 6 464 201 8 8 430 223 8 8 16 328 7 7 397 357 6 6 338 384 6 6 344 466 6 6 307 12 7 7 385 12 7 7 86 30 5 5 123 35 5 5 18 68 6 6 40 145 5 5 56 150 6 6 253 197 11 11 330 301 7 7 359 351 5 5 408 357 6 6 34 379 5 5 50 395 6 6 19 437 7 7 215 29 5 5 146 145 5 5 232 156 11 11 157 189 7 7 87 238 5 5 130 238 5 5 60 242 6 6 375 280 5 5 364 290 6 6 319 300 7 7 55 358 5 5 431 369 5 5 141 370 6 6 414 385 6 6 350 472 5 5 373 12 7 7 90 24 6 6 65 259 6 6 348 285 6 6 18 351 6 6 392 362 6 6 76 369 6 6 88 402 5 5 68 1 7 7 81 36 5 5 313 44 11 11 35 128 5 5 397 234 7 7 82 242 6 6 320 344 7 7 39 363 5 5 329 12 7 7 364 23 6 6 64 30 5 5 364 35 5 5 381 41 6 6 393 63 5 5 336 106 11 11 487 124 7 7 3 161 6 6 271 196 11 11 397 223 8 8 408 257 5 5 32 280 5 5 348 296 6 6 398 368 5 5 371 396 6 6 408 412 7 7 9 436 7 7 275 23 6 6 227 63 5 5 486 112 8 8 67 161 6 6 419 234 7 7 152 260 6 6 425 263 6 6 65 270 5 5 392 274 6 6 436 274 6 6 320 290 6 6 374 334 8 8 451 334 8 8 430 345 7 7 398 380 5 5 77 391 5 5 71 407 7 7 362 0 8 8 281 29 6 6 43 41 5 5 183 40 6 6 322 54 11 11 291 98 11 11 39 100 8 8 24 172 5 5 252 175 11 11 430 211 9 9 28 253 5 5 17 275 5 5 407 301 7 7 119 304 5 5 407 312 8 8 475 402 6 6 397 412 7 7 89 1 7 7 97 41 5 5 215 40 6 6 348 251 6 6 22 269 6 6 425 274 6 6 430 357 6 6 419 412 7 7 132 479 6 6 318 12 7 7 248 18 5 5 237 29 6 6 316 85 11 11 431 90 8 8 361 94 11 11 312 139 11 11 30 167 5 5 289 195 11 11 420 258 5 5 71 276 5 5 24 378 6 6 420 391 5 5 364 433 9 9 442 445 8 8 431 456 7 7 31 459 6 6 15 2 7 7 89 12 7 7 112 35 5 5 431 123 7 7 46 139 5 5 427 152 6 6 142 184 5 5 375 246 6 6 365 257 5 5 393 396 6 6 409 444 8 8 464 445 8 8 347 29 6 6 431 79 7 7 442 90 8 8 300 107 11 11 345 116 11 11 442 124 7 7 330 138 11 11 381 263 6 6 469 263 6 6 22 291 5 5 429 312 8 8 71 364 5 5 101 24 6 6 359 29 6 6 370 52 5 5 260 49 11 11 252 60 11 11 158 157 4 4 419 223 8 8 441 234 7 7 430 246 6 6 381 274 6 6 23 357 5 5 14 389 5 5 382 396 6 6 387 401 6 6 343 411 7 7 121 468 5 5 38 57 5 5 443 169 5 5 447 252 6 6 403 374 6 6 136 376 4 4 360 407 5 5 72 438 7 7 80 24 6 6 70 35 5 5 232 57 5 5 221 68 6 6 476 124 7 7 432 135 6 6 296 161 11 11 27 208 8 9 485 235 7 7 375 257 5 5 6 285 6 6 397 290 6 6 331 290 6 6 464 369 5 5 452 423 8 8 115 439 7 7 398 444 8 8 360 484 6 6 172 29 5 5 75 41 5 5 359 40 6 6 409 68 6 6 464 124 7 7 432 180 6 6 453 191 7 7 38 208 9 9 431 258 5 5 452 258 5 5 463 280 5 5 486 424 8 8 342 432 9 9 94 450 7 7 425 30 6 6 442 112 8 8 304 150 11 11 476 180 6 6 464 191 7 7 485 212 9 9 409 391 5 5 115 450 7 7 38 36 5 5 86 41 6 6 146 47 4 4 70 47 4 4 404 63 6 6 431 68 6 6 427 175 6 6 475 191 7 7 381 230 5 5 361 473 6 6 407 12 7 7 475 90 8 8 318 106 11 11 359 274 6 6 16 285 6 6 365 412 7 7 10 459 6 6 78 1 7 7 440 1 8 8 21 30 5 5 475 112 8 8 92 231 7 7 484 312 8 8 431 402 6 6 354 455 7 7 398 456 7 7 292 18 5 5 397 35 5 5 403 52 6 6 448 63 6 6 464 79 7 7 475 101 9 9 8 100 8 8 460 152 6 6 449 152 6 6 298 183 11 11 462 301 7 7 464 457 7 7 314 29 5 5 419 35 5 5 431 58 5 5 442 79 7 7 310 118 11 11 3 182 5 5 458 263 6 6 354 269 4 4 403 274 6 6 26 307 7 7 93 376 4 4 19 394 6 6 475 457 7 7 376 467 6 6 392 52 6 6 420 68 6 6 39 89 7 7 443 135 6 6 458 274 6 6 337 307 5 5 462 334 8 8 397 345 7 7 381 362 6 6 376 368 5 5 26 465 5 5 429 12 7 7 26 24 6 6 386 35 5 5 32 52 5 5 408 234 7 7 441 357 6 6 58 455 5 5 406 0 8 8 443 58 5 5 454 135 6 6 281 206 11 11 447 263 6 6 403 263 6 6 418 301 7 7 451 301 7 7 473 334 8 8 355 478 5 5 418 12 7 7 386 23 6 6 259 29 6 6 22 41 6 6 403 41 6 6 367 62 11 11 371 104 11 11 363 322 9 9 452 357 6 6 453 445 8 8 4 2 7 7 340 12 7 7 48 57 5 5 420 58 5 5 486 90 8 8 442 258 5 5 387 269 5 5 403 296 5 5 440 301 7 7 451 323 9 9 474 434 9 9 376 455 7 7 382 484 6 6 438 175 6 6 458 241 5 5 392 252 6 6 398 269 5 5 464 270 4 4 442 391 5 5 430 412 7 7 29 426 8 8 420 423 8 8 366 478 5 5 453 68 6 6 453 79 7 7 465 135 6 6 408 223 8 8 474 235 7 7 480 263 6 6 458 286 6 6 397 23 6 6 470 52 6 6 9 156 4 4 485 291 6 6 392 352 5 5 122 457 5 5 382 473 6 6 47 476 5 5 436 252 6 6 480 286 6 6 387 380 4 4 430 24 6 6 463 24 6 6 336 29 6 6 369 29 6 6 431 35 5 5 443 147 5 5 482 164 6 6 474 246 6 6 414 274 6 6 425 374 6 6 3 378 6 6 426 396 6 6 452 412 7 7 68 466 5 5 474 24 6 6 398 57 5 5 471 130 6 6 180 157 4 4 291 217 11 11 255 219 12 12 484 302 7 7 382 136 11 11 421 479 5 5 58 487 5 5 447 30 6 6 437 63 6 6 447 363 6 6 453 457 7 7 403 29 6 6 363 115 11 11 414 241 5 5 408 345 7 7 486 369 5 5 393 484 6 6 371 484 6 6 380 115 11 11 430 280 5 5 9 447 7 7 371 473 6 6 237 18 5 5 414 30 6 6 80 100 8 8 453 112 8 8 352 322 9 9 386 412 7 7 464 36 5 5 474 223 8 8 425 363 6 6 388 479 5 5 425 41 6 6 442 68 6 6 464 112 8 8 475 369 5 5 458 374 6 6 442 456 7 7 12 52 6 6 387 257 5 5 273 263 4 4 469 363 6 6 474 423 8 8 399 479 5 5 451 12 7 7 28 57 5 5 386 82 11 11 283 228 11 11 425 385 6 6 349 407 6 6 463 423 8 8 0 458 6 6 384 0 8 8 5 24 6 6 404 74 5 5 486 79 7 7 397 114 11 11 338 127 11 11 487 135 6 6 365 137 11 11 357 148 11 11 7 485 6 6 5 13 7 7 419 24 6 6 368 180 11 11 487 180 6 6 453 391 5 5 441 24 6 6 374 147 11 11 469 286 6 6 469 374 6 6 463 412 7 7 437 484 6 6 476 58 5 5 486 258 5 5 441 412 7 7 387 444 8 8 392 29 6 6 6 36 5 5 323 171 11 11 306 172 11 11 463 357 6 6 474 412 7 7 381 29 6 6 453 36 5 5 447 41 6 6 377 72 11 11 476 68 6 6 16 35 5 5 431 100 9 9 372 126 11 11 339 149 11 11 436 385 6 6 470 419 5 5 491 252 6 6 491 374 6 6 458 385 6 6 485 334 8 8 485 357 6 6 442 468 6 6 473 12 7 7 485 280 5 5 480 397 6 6 470 485 6 6 462 12 7 7 442 35 5 5 420 47 5 5 384 157 11 11 491 286 6 6 415 451 5 5 371 462 5 5 465 479 5 5 477 159 4 4 370 202 11 11 448 484 6 6 391 146 11 11 299 205 11 11 485 24 6 6 452 223 8 8 301 227 11 11 491 363 6 6 351 181 11 11 380 18 5 5 341 170 11 11 317 204 11 11 469 385 6 6 408 433 9 9 37 487 6 6 415 484 6 6 399 135 11 11 491 386 6 6 443 47 5 5 464 391 5 5 385 179 11 11 463 223 8 8 347 137 11 11 480 30 6 6 475 380 5 5 377 190 11 11 366 158 11 11 470 63 6 6 486 446 8 8 459 63 6 6 393 168 11 11 462 1 8 8 333 182 11 11 443 479 5 5 352 203 11 11 491 397 6 6 315 182 11 11 453 380 5 5 327 215 11 11 486 468 6 6 325 193 11 11 343 192 11 11 336 225 11 11 484 1 8 8 401 156 12 12 470 474 6 6 481 474 6 6 362 213 11 11
samples/negative_unlabelled/n13873502_21390.jpg 23 240 54 44 44 54 240 44 44 400 214 44 44 214 400 44 44 330 60 44 44 60 330 44 44 51 286 44 44 286 50 44 44 394 124 44 44 124 394 44 44 404 168 44 44 168 403 44 44 258 385 44 44 196 68 44 44 68 196 44 44 385 258 44 44 86 369 44 44 369 86 44 44 121 121 44 44 91 156 44 44 333 333 44 44 156 91 44 44 363 298 44 44
samples/negative_unlabelled/n13873502_21465.jpg 72 197 184 88 88 254 258 7 7 338 50 10 10 72 64 334 332 58 120 10 10 307 34 10 10 298 163 9 9 30 202 11 11 367 70 10 10 36 169 10 10 35 275 11 11 426 156 10 10 46 308 11 11 263 251 7 7 217 194 7 7 31 258 10 10 233 261 7 7 432 173 10 10 194 182 93 93 412 124 10 10 433 278 10 10 40 292 11 11 43 151 10 10 227 189 7 7 176 163 9 8 312 152 7 7 249 190 7 7 33 185 11 11 438 244 10 10 206 243 7 7 50 135 10 10 380 83 10 10 68 105 10 10 209 201 7 7 408 241 22 22 80 91 10 10 322 41 10 10 237 21 10 10 259 195 6 6 204 211 7 7 164 150 7 7 267 202 7 7 436 191 10 10 436 261 10 10 420 311 10 10 104 67 10 10 75 355 10 10 411 244 17 17 212 251 8 8 162 299 7 7 91 78 10 10 403 110 10 10 404 341 10 10 438 209 10 10 87 368 10 10 167 33 10 10 93 224 6 6 439 226 10 10 118 57 10 10 393 356 10 10 219 22 10 10 101 381 10 10 413 326 10 10 367 382 10 10 131 402 10 10 338 402 10 10 381 369 10 10 354 392 10 10 202 24 10 10 163 417 10 10 180 423 10 10 146 410 11 11
samples/negative_unlabelled/n13873502_22034.jpg 1 23 22 282 280
samples/negative_unlabelled/n13873502_22328.jpg 2 143 175 112 111 122 154 153 142
samples/negative_unlabelled/n13873502_22497.jpg 2 159 170 148 169 205 285 13 14
samples/negative_unlabelled/n13873502_22697.jpg 3 307 149 14 10 365 199 8 8 349 207 8 8
samples/negative_unlabelled/n13873502_23421.jpg 8 284 10 56 56 17 297 35 33 22 301 26 26 97 99 14 14 9 285 56 56 358 221 48 47 304 99 17 17 359 220 46 46
samples/negative_unlabelled/n13873502_23860.jpg 3 217 124 63 64 234 140 31 31 229 136 39 39
samples/negative_unlabelled/n13873502_24862.jpg 18 229 45 18 20 244 380 15 13 242 340 10 10 240 104 14 14 233 274 10 13 219 91 10 10 246 147 11 11 198 30 16 13 269 396 9 12 250 180 9 9 284 455 16 13 232 136 7 7 259 354 7 7 240 309 9 9 467 172 14 12 82 289 8 10 17 315 14 11 128 274 7 7
samples/negative_unlabelled/n13873502_25300.jpg 3 29 22 287 290 98 91 145 145 104 97 132 132
samples/negative_unlabelled/n13873502_2634.jpg 6 332 409 15 9 456 247 14 14 353 439 6 10 55 104 12 6 47 125 6 8 156 208 11 9
samples/negative_unlabelled/n13873502_26901.jpg 2 193 94 34 34 70 94 34 34
samples/negative_unlabelled/n13873502_27028.jpg 1 65 74 6 11
samples/negative_unlabelled/n13873502_28347.jpg 1 122 52 237 237
samples/negative_unlabelled/n13873502_28725.jpg 1 21 25 456 457
samples/negative_unlabelled/n13873502_29216.jpg 1 477 75 11 11
samples/negative_unlabelled/n13873502_3188.jpg 4 1107 1008 28 28 1461 385 9 7 1357 340 7 7 1162 264 8 8
samples/negative_unlabelled/n13873502_3779.jpg 8 52 258 60 60 161 366 62 61 273 151 60 60 54 44 58 59 51 42 63 63 163 258 59 67 269 28 68 85 48 357 68 68
samples/negative_unlabelled/n13873502_4276.jpg 3 361 149 81 77 407 94 74 55 187 296 41 38
samples/negative_unlabelled/n13873502_4966.jpg 1 85 147 248 248
samples/negative_unlabelled/n13873502_5962.jpg 1 258 59 199 199
samples/negative_unlabelled/n13873502_6255.jpg 2 316 55 41 41 182 55 41 41
samples/negative_unlabelled/n13873502_6496.jpg 158 310 169 21 22 430 186 10 10 253 114 21 21 344 238 37 35 397 258 22 22 307 234 20 22 364 54 25 24 469 58 10 10 426 207 38 37 330 91 23 23 290 118 36 36 31 9 9 9 411 223 9 9 352 6 24 24 403 241 9 9 428 264 22 22 401 192 24 23 465 169 24 23 385 214 22 24 354 180 24 22 380 302 33 36 346 294 8 8 362 120 10 10 437 159 24 23 391 284 8 9 434 23 11 11 306 196 9 9 401 16 24 25 185 145 17 17 337 163 9 9 424 113 25 24 450 27 25 26 371 87 10 10 207 139 34 34 37 42 9 9 349 117 9 9 292 175 9 9 383 198 10 10 22 57 21 20 382 139 38 39 428 6 11 11 475 13 10 11 225 176 20 20 313 263 8 8 422 300 9 9 10 15 19 22 376 102 24 23 36 98 20 20 372 35 10 10 312 99 9 9 454 251 19 19 271 99 9 9 116 116 34 33 101 76 21 21 132 162 32 33 280 229 21 21 316 85 9 9 406 120 10 10 -2 207 19 17 279 66 9 9 42 11 9 9 285 81 22 22 75 108 19 21 286 213 8 8 72 41 9 9 149 20 92 92 272 33 22 23 21 208 31 29 55 59 32 35 60 115 8 8 38 164 19 19 15 230 7 7 106 58 8 8 63 133 20 19 20 139 8 8 266 158 21 21 14 179 8 8 334 302 8 8 349 307 20 21 268 187 21 21 254 182 8 8 20 83 9 9 89 139 8 8 444 295 9 9 260 144 8 8 463 273 21 22 111 27 9 9 98 102 8 8 70 168 33 30 52 203 19 19 337 2 10 10 305 295 19 21 213 193 8 8 102 143 20 20 120 169 8 8 289 263 8 8 13 244 16 18 275 255 8 8 231 211 34 33 116 185 19 19 456 309 9 8 76 220 7 7 250 259 20 20 112 209 8 8 292 311 8 8 290 18 9 9 153 198 17 16 264 277 34 32 203 235 8 8 197 207 20 20 234 265 8 8 311 329 32 33 209 247 19 20 152 224 16 16 366 333 8 8 119 231 30 32 31 263 18 16 80 241 7 7 92 246 19 18 10 267 7 7 418 350 8 8 385 341 8 8 194 276 19 19 109 270 7 7 62 268 30 29 252 312 8 8 144 263 15 16 221 282 8 8 247 328 19 19 360 349 20 20 106 285 17 19 39 288 7 7 182 292 7 7 149 298 15 16 167 304 18 19 20 282 7 7 125 275 16 15 200 310 32 30 281 350 7 7 81 312 17 17 45 301 18 16 102 308 7 7 219 355 18 18 143 337 31 28 174 330 7 7 243 351 7 7 101 324 31 27 265 358 7 7 42 324 16 17 65 330 7 7 94 358 6 7 113 359 15 14 204 359 7 7 32 338 6 6 8 315 6 6 21 348 14 18 5 329 17 15 3 349 6 6
samples/negative_unlabelled/n13873502_6728.jpg 3 319 78 623 621 1052 380 28 28 637 12 28 28
samples/negative_unlabelled/n13873502_7258.jpg 14 656 346 171 171 806 533 62 62 865 352 62 62 865 451 62 62 716 566 50 50 562 452 49 49 622 534 49 49 559 354 54 54 892 478 8 8 524 214 434 434 1380 569 13 22 641 331 202 202 648 338 186 186 1194 854 17 31
samples/negative_unlabelled/n13873502_7558.jpg 5 19 88 36 35 161 65 41 41 370 317 11 11 137 211 112 112 225 329 13 13
samples/negative_unlabelled/n13873502_7950.jpg 4 263 278 8 9 264 241 6 6 282 253 6 6 46 229 6 6
samples/negative_unlabelled/n13873502_8047.jpg 2 195 150 40 60 0 1 497 497
samples/negative_unlabelled/n13873502_8480.jpg 387 345 75 22 22 220 437 17 17 232 214 12 12 364 280 7 7 305 419 17 17 473 221 9 9 470 252 10 10 129 65 15 15 292 139 7 7 278 349 12 12 273 103 7 7 473 110 16 16 376 181 7 7 303 279 7 7 331 299 11 11 81 352 17 17 226 62 9 9 339 271 9 9 229 306 8 8 228 189 7 7 135 192 13 13 266 269 7 7 244 274 9 9 172 32 21 21 318 38 21 21 203 295 9 9 362 390 32 32 384 143 9 9 155 385 22 22 137 130 9 9 474 144 17 17 207 191 10 10 488 179 16 16 251 362 9 9 157 358 24 24 68 250 13 13 285 265 7 7 501 231 9 9 380 370 20 20 297 46 20 20 176 78 20 20 443 220 11 11 226 12 14 14 76 291 12 12 326 385 7 7 416 404 18 18 237 66 10 10 91 193 13 13 315 256 8 8 289 64 9 9 421 302 12 12 221 334 14 14 288 396 13 13 323 156 10 10 186 289 11 11 145 92 15 15 162 95 11 11 316 142 8 8 333 187 13 13 309 249 8 8 323 327 10 10 95 238 17 17 113 356 17 17 266 472 18 17 175 98 8 8 352 132 19 19 482 196 14 14 202 203 10 10 398 42 8 8 236 105 12 12 138 207 10 10 441 287 22 22 121 370 32 32 218 173 11 11 270 311 12 12 462 342 15 15 146 260 10 10 257 317 12 12 309 380 15 15 382 93 9 9 374 137 9 9 178 175 10 10 244 187 10 10 443 207 10 10 449 262 20 20 292 281 9 9 338 332 9 9 236 352 10 10 447 414 14 14 337 411 14 14 327 85 17 17 247 113 14 14 457 251 8 8 384 442 17 17 325 71 13 12 446 98 8 8 379 126 9 9 373 223 8 8 442 250 13 13 52 256 16 16 130 335 15 15 271 85 15 15 218 88 20 20 124 86 20 20 364 91 16 16 447 144 19 19 270 262 6 6 218 286 8 8 110 312 15 15 300 388 8 8 301 89 14 14 230 181 6 6 471 183 15 15 388 214 8 8 158 230 10 9 136 141 11 11 376 164 9 10 375 210 11 11 439 311 24 24 196 321 9 9 137 350 19 19 397 398 17 17 250 436 8 8 107 159 30 30 162 279 6 6 330 400 12 12 98 145 11 11 410 152 11 11 163 260 17 17 398 265 15 15 346 317 6 6 104 328 14 15 242 390 6 6 202 426 9 9 164 210 9 9 82 235 12 12 284 253 6 6 439 263 8 8 225 292 10 10 409 277 17 17 470 293 12 12 332 312 8 8 352 365 12 12 300 452 14 14 310 218 6 6 426 315 10 10 245 347 6 6 224 35 8 8 253 51 8 8 168 74 9 9 156 80 13 13 105 105 26 26 463 161 7 7 391 175 9 9 215 233 6 6 191 237 9 9 209 271 12 12 177 293 7 7 141 318 14 14 162 326 9 9 386 113 16 16 398 144 12 12 481 163 14 14 101 290 20 20 363 425 23 23 397 29 11 11 328 123 17 17 356 301 11 11 177 310 11 11 274 376 7 7 302 405 6 6 358 213 6 6 72 273 14 14 302 288 6 6 358 288 10 10 421 328 18 18 344 395 17 17 293 432 14 14 335 102 20 20 185 220 15 15 512 234 8 8 111 252 12 12 509 276 24 24 350 294 6 6 212 306 8 8 92 325 10 10 104 387 16 16 301 36 8 8 262 97 10 10 187 164 14 14 318 224 10 10 300 237 7 7 196 366 20 20 250 388 18 18 280 425 13 13 63 164 15 15 382 192 10 10 440 273 6 6 114 265 16 16 274 339 6 6 296 352 7 7 368 364 12 12 267 381 6 6 212 132 9 9 83 146 9 9 280 148 6 6 222 236 11 11 70 305 12 12 420 425 12 12 243 465 21 21 367 173 9 9 135 228 11 11 217 221 10 10 250 413 7 7 282 455 6 6 171 55 14 14 240 97 6 6 456 95 19 18 345 156 17 17 152 224 7 7 349 241 6 6 394 281 13 13 368 297 8 8 153 331 9 9 288 37 12 12 396 54 24 24 388 73 10 10 470 86 9 9 167 129 10 10 493 148 17 17 335 175 9 9 250 221 6 6 127 248 12 12 84 250 11 11 277 292 9 9 395 345 17 17 138 403 21 21 213 428 10 10 376 117 8 8 288 117 7 7 394 156 8 8 76 192 13 13 339 255 8 8 78 262 10 10 62 314 7 7 158 349 9 9 253 347 8 8 317 408 12 12 161 53 8 8 313 79 12 12 126 134 10 10 193 209 9 9 427 268 12 12 178 381 20 20 341 427 19 19 195 139 20 20 160 152 12 12 201 215 14 14 279 303 6 6 484 297 19 19 424 361 13 13 307 104 11 11 148 129 17 17 340 214 6 6 339 31 12 12 280 136 10 10 149 200 14 14 358 204 7 7 508 221 11 11 421 241 14 14 485 267 10 10 388 359 8 8 278 440 14 14 267 59 8 8 402 125 9 9 424 128 13 13 309 156 10 10 132 273 8 8 222 395 7 7 448 395 14 14 374 458 16 16 420 66 18 18 485 256 9 9 412 256 12 12 328 275 8 8 353 380 14 14 415 392 10 10 207 105 16 16 399 309 11 11 335 384 12 12 439 59 15 15 111 84 11 12 82 175 17 17 181 260 7 7 171 332 14 14 437 155 9 9 265 201 8 8 304 328 6 6 263 356 15 15 216 361 11 11 227 370 7 7 199 231 9 9 201 242 10 10 201 257 13 13 287 297 9 9 323 401 6 6 258 123 16 16 344 147 7 7 256 168 7 7 444 108 13 13 112 228 13 13 138 307 10 10 464 319 20 20 145 161 17 17 197 400 8 8 443 428 8 8 259 108 6 6 129 351 7 7 484 234 9 9 207 345 15 15 290 359 6 6 297 361 7 7 259 371 9 9 388 27 8 8 102 226 9 9 337 343 8 8 187 361 10 10 202 32 17 17 195 114 9 9 162 176 9 9 474 199 6 6 311 328 9 9 119 403 17 17 233 133 10 10 363 312 8 8 368 123 9 9 150 303 9 9 432 434 10 9 459 183 7 7 106 195 6 6 260 210 6 6 422 440 10 10 366 15 6 6 232 157 14 14 142 78 12 12 346 123 7 7 485 123 22 22 315 196 9 9 178 234 10 10 226 325 8 8 439 77 19 19 243 325 6 6 166 107 12 12 460 73 7 7 284 309 8 8 210 386 11 11 389 297 12 12 388 272 8 8 296 372 9 9 433 388 14 14 335 56 18 18 193 198 9 9 420 117 10 10 110 220 7 7 410 358 12 12 464 197 7 7 296 121 10 10 253 295 12 12 490 214 9 9 356 337 12 12 337 449 12 11 60 180 7 7 430 231 11 11 156 188 10 10 53 210 23 23 242 225 7 7 473 208 9 9 459 359 14 14 130 124 7 7 183 211 8 8 222 137 10 10 275 123 7 7 204 131 6 6 446 177 11 11 439 341 7 7 413 125 8 9 482 334 18 18
samples/negative_unlabelled/n13873502_8583.jpg 3 430 136 11 10 373 143 10 10 286 177 11 11
samples/negative_unlabelled/n13873502_8789.jpg 1 92 10 81 89
samples/negative_unlabelled/n13873502_8953.jpg 9 160 43 19 13 132 40 20 15 303 216 19 22 197 162 20 21 239 170 21 20 221 146 20 20 216 186 21 20 294 255 21 23 187 131 84 90
samples/negative_unlabelled/n13873502_9365.jpg 1 405 330 6 6
samples/negative_unlabelled/n13873502_9654.jpg 2 319 167 7 7 345 166 7 7
samples/negative_unlabelled/n13873917_10138.jpg 1 294 184 24 26
samples/negative_unlabelled/n13873917_11191.jpg 1 59 55 209 212
samples/negative_unlabelled/n13873917_11722.jpg 65 244 147 25 26 214 97 11 15 288 118 9 9 3 169 8 6 295 147 10 10 74 10 7 9 424 216 5 9 62 206 5 5 35 129 9 7 131 60 8 5 484 264 6 6 316 194 8 8 166 48 6 6 354 117 6 6 314 299 6 6 137 231 6 6 299 306 7 5 238 89 9 13 68 141 6 6 391 219 5 8 86 70 7 7 49 106 5 5 300 216 13 9 88 102 6 6 316 103 13 13 78 42 6 6 61 24 6 5 124 83 5 5 180 178 7 7 203 109 7 8 275 222 8 8 147 0 5 5 379 157 5 5 261 238 11 7 430 279 5 5 30 256 6 5 372 117 4 7 272 176 8 8 381 310 4 7 426 17 7 7 456 196 5 6 205 118 6 8 294 318 5 5 260 321 6 6 443 185 5 5 56 154 5 5 229 192 8 8 192 95 7 7 394 155 4 4 423 271 4 4 451 140 4 4 393 266 4 4 93 176 4 4 288 304 4 4 84 194 4 5 429 265 4 4 61 247 5 5 113 50 5 5 122 3 5 5 410 219 4 4 19 236 5 5 257 185 6 6 492 232 4 4 401 217 4 4 397 258 4 4
samples/negative_unlabelled/n13873917_12931.jpg 1 14 241 7 9
samples/negative_unlabelled/n13873917_13148.jpg 1 425 480 15 15
samples/negative_unlabelled/n13873917_13376.jpg 1 329 124 12 9
samples/negative_unlabelled/n13873917_13563.jpg 1 31 14 462 453
samples/negative_unlabelled/n13873917_13655.jpg 1 282 113 153 150
samples/negative_unlabelled/n13873917_13747.jpg 10 9 10 8 8 302 365 8 8 9 24 8 8 302 353 8 8 303 341 8 8 10 39 8 8 303 328 8 8 303 302 8 8 10 73 8 8 11 93 8 8
samples/negative_unlabelled/n13873917_14113.jpg 1 188 116 100 87
samples/negative_unlabelled/n13873917_14638.jpg 2 237 184 20 19 70 8 351 351
samples/negative_unlabelled/n13873917_14763.jpg 1 233 472 13 13
samples/negative_unlabelled/n13873917_15028.jpg 3 230 216 10 10 211 263 10 10 258 81 8 10
samples/negative_unlabelled/n13873917_15142.jpg 3 13 15 468 468 61 485 7 7 17 484 7 7
samples/negative_unlabelled/n13873917_1534.jpg 1 226 129 50 51
samples/negative_unlabelled/n13873917_15686.jpg 3 320 251 21 19 325 253 11 13 213 225 6 7
samples/negative_unlabelled/n13873917_16515.jpg 1 162 76 159 116
samples/negative_unlabelled/n13873917_17355.jpg 2 11 298 11 11 309 86 6 6
samples/negative_unlabelled/n13873917_18125.jpg 3 311 260 49 44 560 462 14 14 322 269 27 27
samples/negative_unlabelled/n13873917_18585.jpg 5 603 38 9 9 391 265 7 7 359 231 7 7 305 295 52 54 624 38 9 9
samples/negative_unlabelled/n13873917_18767.jpg 1 109 40 248 248
samples/negative_unlabelled/n13873917_18983.jpg 1 279 121 117 115
samples/negative_unlabelled/n13873917_19336.jpg 3 1 2 330 330 50 156 32 32 115 280 24 24
samples/negative_unlabelled/n13873917_1962.jpg 5 80 45 252 252 85 51 240 240 147 113 116 115 191 157 27 27 93 194 7 7
samples/negative_unlabelled/n13873917_20288.jpg 2 144 277 11 9 143 273 14 16
samples/negative_unlabelled/n13873917_2068.jpg 1 300 24 108 114
samples/negative_unlabelled/n13873917_20912.jpg 12 371 329 20 13 254 393 15 16 14 6 469 473 231 228 35 37 368 151 20 12 389 292 21 13 293 84 14 19 391 184 18 20 295 384 12 19 128 367 21 16 157 102 14 19 86 259 13 18
samples/negative_unlabelled/n13873917_21489.jpg 3 35 30 152 150 102 115 13 12 85 97 12 12
samples/negative_unlabelled/n13873917_21877.jpg 1 238 423 10 10
samples/negative_unlabelled/n13873917_23927.jpg 1 63 52 207 208
samples/negative_unlabelled/n13873917_2411.jpg 7 142 322 17 17 462 235 11 16 177 329 17 17 199 276 47 47 349 317 16 18 316 326 18 18 212 333 17 17
samples/negative_unlabelled/n13873917_24383.jpg 3 554 738 19 20 590 715 20 19 355 40 6 6
samples/negative_unlabelled/n13873917_24627.jpg 3 183 232 14 14 237 143 117 118 415 14 34 25
samples/negative_unlabelled/n13873917_24845.jpg 5 290 377 10 10 358 258 8 8 121 306 8 8 283 353 8 8 331 429 6 6
samples/negative_unlabelled/n13873917_25544.jpg 1 6 1 490 490
samples/negative_unlabelled/n13873917_26279.jpg 10 221 721 23 25 225 726 15 15 476 717 22 26 479 722 15 15 117 421 7 7 95 479 64 64 608 861 8 8 232 835 8 8 75 682 12 12 702 437 7 9
samples/negative_unlabelled/n13873917_26441.jpg 4 119 67 228 228 71 20 323 323 202 150 62 62 207 156 51 51
samples/negative_unlabelled/n13873917_26725.jpg 2 101 44 279 279 104 50 274 269
samples/negative_unlabelled/n13873917_27066.jpg 1 117 48 12 12
samples/negative_unlabelled/n13873917_27563.jpg 1 289 132 91 79
samples/negative_unlabelled/n13873917_293.jpg 1 195 215 52 52
samples/negative_unlabelled/n13873917_3242.jpg 2 206 205 88 88 189 95 15 20
samples/negative_unlabelled/n13873917_3791.jpg 1 209 196 78 75
samples/negative_unlabelled/n13873917_406.jpg 1 338 24 6 6
samples/negative_unlabelled/n13873917_432.jpg 1 332 278 20 20
samples/negative_unlabelled/n13873917_4497.jpg 3 248 250 6 6 168 245 11 11 206 169 10 10
samples/negative_unlabelled/n13873917_4738.jpg 2 354 90 6 6 342 2 38 45
samples/negative_unlabelled/n13873917_6168.jpg 2 184 326 11 11 300 328 8 8
samples/negative_unlabelled/n13873917_7126.jpg 1 98 245 10 8
samples/negative_unlabelled/n13873917_7463.jpg 3 212 202 77 77 219 210 62 63 225 237 9 9
samples/negative_unlabelled/n13873917_7805.jpg 3 23 15 375 375 17 9 387 387 79 71 262 262
samples/negative_unlabelled/n13873917_840.jpg 11 466 169 35 50 456 166 54 54 471 273 37 37 534 281 32 21 565 166 53 54 573 170 38 47 576 302 9 9 300 230 33 33 597 254 10 10 353 255 8 10 181 302 10 10
samples/negative_unlabelled/n13873917_8503.jpg 6 156 169 188 188 68 283 15 15 71 287 9 7 373 288 10 10 390 227 11 12 377 255 11 9
samples/negative_unlabelled/n13873917_8677.jpg 2 67 33 59 58 50 19 92 92
samples/negative_unlabelled/n13873917_8893.jpg 4 105 266 7 7 231 394 6 7 236 402 5 5 220 468 7 7
samples/negative_unlabelled/n13873917_9433.jpg 1 141 183 10 10
samples/negative_unlabelled/n13873917_9606.jpg 1 15 15 468 468
samples/negative_unlabelled/n13873917_975.jpg 1 405 322 8 8
samples/negative_unlabelled/n13873917_9818.jpg 13 370 554 8 8 416 181 11 23 433 200 6 13 297 359 8 11 425 289 23 10 510 361 6 12 411 274 23 10 398 254 17 20 325 408 10 9 673 362 6 6 716 160 8 9 732 233 6 6 714 475 7 7
samples/negative_unlabelled/n13873917_9963.jpg 4 242 186 31 31 260 96 15 15 274 146 16 16 22 228 9 9
samples/negative_unlabelled/n13874073_10979.jpg 2 42 14 36 36 2 14 36 36
samples/negative_unlabelled/n13874073_1138.jpg 1 6 5 111 111
samples/negative_unlabelled/n13874073_1172.jpg 1 170 409 7 7
samples/negative_unlabelled/n13874073_12257.jpg 2 515 63 6 8 380 45 7 7
samples/negative_unlabelled/n13874073_19471.jpg 1 232 194 8 14
samples/negative_unlabelled/n13874073_3090.jpg 4 313 83 6 6 311 81 11 11 222 185 10 10 244 119 6 6
samples/negative_unlabelled/n13874073_4639.jpg 3 54 308 15 13 126 333 13 15 177 360 13 15
samples/negative_unlabelled/n13874073_5308.jpg 1 10 6 150 148
samples/negative_unlabelled/n13874073_5772.jpg 1 40 31 460 460
samples/negative_unlabelled/n13874073_6226.jpg 2 66 29 12 16 33 46 5 7
samples/negative_unlabelled/n13874073_7833.jpg 1 233 93 9 9
samples/negative_unlabelled/n13874073_8763.jpg 3 421 204 13 13 424 206 8 8 34 24 380 373
samples/negative_unlabelled/n13874073_9555.jpg 1 21 22 127 127
samples/negative_unlabelled/n13875392_15294.jpg 4 71 49 255 300 276 225 13 13 179 225 13 13 279 228 8 8
samples/negative_unlabelled/n13875392_16075.jpg 2 44 10 12 11 72 8 4 16
samples/negative_unlabelled/n13875392_1657.jpg 5 158 442 10 10 591 338 8 8 140 180 9 9 129 466 10 10 255 249 8 8
samples/negative_unlabelled/n13875392_19638.jpg 8 200 108 24 30 238 7 30 27 236 127 18 26 415 123 9 9 146 111 7 7 397 111 8 10 76 122 23 30 176 140 17 17
samples/negative_unlabelled/n13875392_19922.jpg 1 159 152 11 9
samples/negative_unlabelled/n13875392_2072.jpg 1 115 90 35 32
samples/negative_unlabelled/n13875392_23912.jpg 1 206 231 41 34
samples/negative_unlabelled/n13875392_24505.jpg 1 251 196 8 8
samples/negative_unlabelled/n13875392_26712.jpg 3 254 124 51 43 247 116 63 61 232 99 82 99
samples/negative_unlabelled/n13875392_30376.jpg 3 198 80 198 244 189 66 213 266 109 6 378 431
samples/negative_unlabelled/n13875392_3118.jpg 1 285 189 7 7
samples/negative_unlabelled/n13875392_32422.jpg 2 206 319 7 7 196 326 8 8
samples/negative_unlabelled/n13875392_3270.jpg 21 765 366 7 7 1317 318 12 12 1302 261 18 20 280 511 10 9 945 389 12 12 882 1020 16 16 1352 420 13 13 514 451 9 9 1217 175 13 13 563 1232 12 17 1249 476 14 14 1207 546 10 10 608 40 10 10 986 268 9 9 1228 312 9 9 1065 1201 9 9 505 462 10 10 116 583 12 11 738 196 10 10 799 106 12 12 262 32 9 9
samples/negative_unlabelled/n13875392_33553.jpg 3 109 154 42 42 197 143 130 130 373 281 26 26
samples/negative_unlabelled/n13875392_34644.jpg 40 166 191 12 12 197 184 11 14 215 167 13 13 312 217 11 11 176 238 12 12 284 281 13 13 299 191 12 11 232 207 12 12 211 288 14 14 267 224 12 12 278 172 12 12 176 223 13 12 181 210 12 12 178 253 12 12 265 244 13 13 312 249 11 11 289 302 15 15 329 208 16 13 225 222 13 13 234 258 13 13 229 161 14 14 239 297 11 11 290 180 12 12 155 220 11 14 304 293 15 13 186 161 14 14 248 252 11 11 158 255 13 13 325 195 12 10 210 179 8 12 248 161 12 12 331 255 12 12 237 141 13 14 174 176 15 13 200 152 15 12 160 205 13 13 317 281 14 12 327 269 9 11 257 142 13 13 276 149 13 11
samples/negative_unlabelled/n13875392_35200.jpg 6 140 228 18 18 192 227 30 30 268 159 22 19 315 357 8 8 312 261 10 10 357 252 12 13
samples/negative_unlabelled/n13875392_3874.jpg 2 341 74 72 74 90 74 74 74
samples/negative_unlabelled/n13875392_42602.jpg 2 244 71 398 460 315 209 252 159
samples/negative_unlabelled/n13875392_43560.jpg 3 157 111 190 110 119 75 266 194 273 397 9 9
samples/negative_unlabelled/n13875392_43727.jpg 4 1113 1087 15 15 1088 971 23 17 1418 1206 5 5 1109 803 17 22
samples/negative_unlabelled/n13875392_44657.jpg 1 66 376 10 9
samples/negative_unlabelled/n13875392_45252.jpg 1 48 119 8 7
samples/negative_unlabelled/n13875392_52549.jpg 1 459 226 6 7
samples/negative_unlabelled/n13875392_53479.jpg 2 219 163 8 8 258 112 9 9
samples/negative_unlabelled/n13875392_54524.jpg 3 257 369 11 11 223 355 10 10 90 252 9 9
samples/negative_unlabelled/n13875392_55805.jpg 1 275 264 16 9
samples/negative_unlabelled/n13875392_59271.jpg 1 138 298 6 6
samples/negative_unlabelled/n13875392_59583.jpg 1 319 167 16 8
samples/negative_unlabelled/n13875392_60009.jpg 3 42 141 11 10 204 338 13 11 27 320 13 13
samples/negative_unlabelled/n13875392_60797.jpg 4 188 100 20 23 113 210 21 19 141 209 21 17 300 228 26 27
samples/negative_unlabelled/n13875392_61734.jpg 6 120 184 8 8 471 162 4 4 45 243 8 8 246 263 9 9 97 238 8 8 188 246 7 7
samples/negative_unlabelled/n13875392_62191.jpg 4 217 55 23 19 105 38 23 18 375 135 25 35 377 143 22 18
samples/negative_unlabelled/n13875392_6304.jpg 2 650 215 14 14 597 184 9 14
samples/negative_unlabelled/n13875392_63646.jpg 4 240 135 6 6 85 398 6 6 35 336 7 7 155 66 6 6
samples/negative_unlabelled/n13875392_64249.jpg 5 160 241 11 11 79 365 22 10 276 471 13 13 84 416 15 11 57 413 9 9
samples/negative_unlabelled/n13875392_64855.jpg 1 33 16 190 215
samples/negative_unlabelled/n13875392_65180.jpg 5 67 185 12 11 115 212 27 15 303 142 14 11 364 131 11 11 156 251 16 9
samples/negative_unlabelled/n13875392_68300.jpg 9 278 234 8 8 268 243 7 7 259 251 6 6 257 167 6 6 263 178 6 6 239 241 6 6 327 220 6 6 310 222 5 5 320 232 6 6
samples/negative_unlabelled/n13875392_69149.jpg 1 227 184 12 12
samples/negative_unlabelled/n13875392_70604.jpg 5 295 152 9 9 18 108 9 10 54 178 8 9 45 200 10 10 319 196 10 8
samples/negative_unlabelled/n13875392_72800.jpg 1 79 320 10 12
samples/negative_unlabelled/n13875392_73421.jpg 1 404 193 7 7
samples/negative_unlabelled/n13875392_7679.jpg 2 240 139 88 50 125 160 7 7
samples/negative_unlabelled/n13875392_802.jpg 1 749 571 13 13
samples/negative_unlabelled/n13875392_881.jpg 2 111 236 12 12 188 -1 16 26
samples/negative_unlabelled/n13875392_9825.jpg 12 537 811 12 12 380 984 12 7 724 954 9 9 568 1051 7 7 291 975 8 8 716 979 9 9 586 1051 10 10 622 1044 7 7 794 326 7 7 541 919 7 7 512 1059 9 9 363 1031 7 7
samples/negative_unlabelled/n13902336_10108.jpg 5 237 70 31 31 241 76 23 20 103 89 7 11 365 267 41 50 52 139 57 57
samples/negative_unlabelled/n13902336_1026.jpg 3 49 289 72 72 41 129 63 63 49 143 37 37
samples/negative_unlabelled/n13902336_10430.jpg 4 395 218 9 9 99 246 53 53 405 242 48 48 211 163 9 12
samples/negative_unlabelled/n13902336_10531.jpg 8 292 178 16 16 298 235 12 10 324 252 11 11 320 75 13 16 263 282 6 6 399 182 7 7 253 138 9 9 99 432 6 6
samples/negative_unlabelled/n13902336_10902.jpg 8 282 127 28 28 243 97 28 28 190 237 28 28 186 188 10 10 152 122 29 29 153 210 27 29 138 168 28 28 101 60 258 248
samples/negative_unlabelled/n13902336_11352.jpg 1 136 224 70 65
samples/negative_unlabelled/n13902336_11780.jpg 2 46 159 28 33 96 156 69 83
samples/negative_unlabelled/n13902336_12020.jpg 3 138 208 16 16 122 183 16 17 142 161 16 16
samples/negative_unlabelled/n13902336_1254.jpg 1 106 21 277 278
samples/negative_unlabelled/n13902336_1292.jpg 1 292 155 17 19
samples/negative_unlabelled/n13902336_13322.jpg 4 222 224 11 11 93 206 89 92 103 218 68 72 127 249 11 11
samples/negative_unlabelled/n13902336_13544.jpg 5 244 235 12 12 268 236 12 12 177 136 172 175 277 214 13 12 257 199 12 12
samples/negative_unlabelled/n13902336_14026.jpg 5 463 250 6 6 191 247 15 15 221 195 15 15 280 207 15 15 264 288 7 7
samples/negative_unlabelled/n13902336_14593.jpg 1 132 233 13 13
samples/negative_unlabelled/n13902336_1491.jpg 2 131 29 489 489 156 30 445 488
samples/negative_unlabelled/n13902336_15206.jpg 2 250 289 16 16 176 184 152 149
samples/negative_unlabelled/n13902336_16423.jpg 1 290 33 16 27
samples/negative_unlabelled/n13902336_16962.jpg 10 291 189 25 25 264 235 26 26 255 150 24 24 205 174 24 24 212 226 25 25 334 47 10 10 227 175 62 62 76 18 358 358 232 159 7 7 298 228 8 8
samples/negative_unlabelled/n13902336_17054.jpg 5 65 197 140 134 60 115 15 12 175 101 30 32 180 105 20 24 40 113 9 6
samples/negative_unlabelled/n13902336_17300.jpg 2 299 147 10 10 212 146 11 11
samples/negative_unlabelled/n13902336_17567.jpg 1 89 -7 316 357
samples/negative_unlabelled/n13902336_18135.jpg 6 238 169 38 38 183 113 149 149 257 209 20 20 189 120 138 135 199 128 119 120 311 364 8 8
samples/negative_unlabelled/n13902336_1826.jpg 1 173 162 9 9
samples/negative_unlabelled/n13902336_18942.jpg 6 267 243 19 19 241 209 17 13 274 269 19 19 256 222 16 19 229 202 14 14 265 334 11 17
samples/negative_unlabelled/n13902336_19116.jpg 2 204 202 17 17 181 178 63 63
samples/negative_unlabelled/n13902336_19406.jpg 1 286 254 12 12
samples/negative_unlabelled/n13902336_19706.jpg 3 81 109 174 174 154 182 28 28 477 109 8 8
samples/negative_unlabelled/n13902336_1986.jpg 1 42 24 8 7
samples/negative_unlabelled/n13902336_20156.jpg 4 154 117 7 7 125 154 7 7 166 155 7 7 3 5 291 291
samples/negative_unlabelled/n13902336_20304.jpg 11 301 285 6 6 270 230 6 6 230 210 6 6 282 248 6 6 249 222 6 6 295 307 6 6 159 316 14 13 94 376 7 7 124 407 6 6 145 413 6 6 62 228 9 9
samples/negative_unlabelled/n13902336_20720.jpg 1 249 143 10 9
samples/negative_unlabelled/n13902336_20955.jpg 1 45 30 66 66
samples/negative_unlabelled/n13902336_21312.jpg 5 246 118 35 22 190 157 31 25 164 123 21 22 169 93 20 13 343 132 25 17
samples/negative_unlabelled/n13902336_21556.jpg 1 204 136 85 85
samples/negative_unlabelled/n13902336_21727.jpg 1 59 33 8 6
samples/negative_unlabelled/n13902336_22135.jpg 5 19 322 26 26 156 146 6 6 130 96 7 7 114 102 6 6 99 110 6 6
samples/negative_unlabelled/n13902336_22385.jpg 1 211 43 15 9
samples/negative_unlabelled/n13902336_22634.jpg 9 267 159 21 21 220 142 21 21 204 190 21 21 224 147 13 13 271 163 13 13 251 206 21 21 255 210 13 13 208 194 13 13 227 166 38 38
samples/negative_unlabelled/n13902336_24071.jpg 3 224 237 17 17 131 85 229 264 126 109 239 214
samples/negative_unlabelled/n13902336_24580.jpg 1 46 238 47 30
samples/negative_unlabelled/n13902336_24775.jpg 2 229 160 44 44 182 111 138 139
samples/negative_unlabelled/n13902336_24899.jpg 6 179 94 126 131 93 20 299 292 181 97 122 124 220 134 43 43 217 130 50 50 223 136 37 37
samples/negative_unlabelled/n13902336_2510.jpg 4 216 59 27 28 221 64 17 17 274 79 8 8 159 321 28 26
samples/negative_unlabelled/n13902336_25311.jpg 3 181 215 15 15 177 212 22 22 209 46 4 4
samples/negative_unlabelled/n13902336_2556.jpg 1 249 190 67 50
samples/negative_unlabelled/n13902336_26047.jpg 1 188 246 5 5
samples/negative_unlabelled/n13902336_2627.jpg 2 234 86 252 204 117 127 16 17
samples/negative_unlabelled/n13902336_27375.jpg 5 126 69 151 160 131 83 142 133 178 140 10 10 184 163 9 9 199 129 10 10
samples/negative_unlabelled/n13902336_27662.jpg 1 191 162 79 75
samples/negative_unlabelled/n13902336_27810.jpg 5 240 204 9 9 231 157 9 9 122 66 236 238 296 129 8 8 133 76 218 218
samples/negative_unlabelled/n13902336_2810.jpg 1 434 229 41 33
samples/negative_unlabelled/n13902336_28406.jpg 10 111 11 304 312 113 14 299 306 264 190 26 26 232 187 13 13 116 21 293 293 293 166 10 10 269 196 13 13 261 129 26 25 224 144 26 25 284 90 5 5
samples/negative_unlabelled/n13902336_28787.jpg 1 279 237 19 34
samples/negative_unlabelled/n13902336_28938.jpg 3 177 135 33 32 154 106 78 93 186 260 5 5
samples/negative_unlabelled/n13902336_29339.jpg 1 119 180 108 108
samples/negative_unlabelled/n13902336_29636.jpg 1 132 84 5 5
samples/negative_unlabelled/n13902336_29874.jpg 1 89 47 211 211
samples/negative_unlabelled/n13902336_3047.jpg 1 185 125 150 141
samples/negative_unlabelled/n13902336_3093.jpg 6 121 -49 349 471 218 172 17 15 254 155 85 65 102 232 57 47 11 272 20 20 232 316 19 17
samples/negative_unlabelled/n13902336_31266.jpg 3 205 175 24 14 267 116 7 7 219 8 6 6
samples/negative_unlabelled/n13902336_31795.jpg 4 234 211 51 51 165 153 51 51 310 163 50 50 419 31 6 6
samples/negative_unlabelled/n13902336_32001.jpg 3 117 195 78 78 48 125 220 220 22 102 272 274
samples/negative_unlabelled/n13902336_32230.jpg 6 242 261 11 9 337 177 8 8 234 276 11 11 202 218 9 9 284 107 7 7 204 194 6 6
samples/negative_unlabelled/n13902336_3240.jpg 2 236 267 9 9 421 104 5 5
samples/negative_unlabelled/n13902336_33265.jpg 7 347 217 13 13 327 233 13 12 241 125 185 185 247 131 172 172 316 198 7 6 330 235 7 7 116 281 32 32
samples/negative_unlabelled/n13902336_33469.jpg 3 200 168 63 62 230 141 24 24 270 202 15 15
samples/negative_unlabelled/n13902336_3440.jpg 2 73 220 119 100 201 198 6 6
samples/negative_unlabelled/n13902336_34608.jpg 1 158 196 14 14
samples/negative_unlabelled/n13902336_34956.jpg 2 48 28 326 322 184 222 6 6
samples/negative_unlabelled/n13902336_35300.jpg 1 212 136 79 54
samples/negative_unlabelled/n13902336_35448.jpg 3 95 41 298 300 220 167 47 47 101 50 283 283
samples/negative_unlabelled/n13902336_35657.jpg 2 102 286 146 125 250 164 31 32
samples/negative_unlabelled/n13902336_3597.jpg 5 213 239 45 49 264 240 26 25 184 256 24 28 215 216 16 16 212 209 21 28
samples/negative_unlabelled/n13902336_36895.jpg 1 409 244 28 27
samples/negative_unlabelled/n13902336_37196.jpg 2 295 169 36 32 256 138 17 18
samples/negative_unlabelled/n13902336_37739.jpg 4 132 49 326 364 132 41 326 381 108 54 371 354 246 255 12 8
samples/negative_unlabelled/n13902336_38087.jpg 4 158 156 179 181 149 149 197 197 239 239 19 19 235 209 11 10
samples/negative_unlabelled/n13902336_38248.jpg 2 13 14 230 230 365 115 18 18
samples/negative_unlabelled/n13902336_4040.jpg 11 254 124 497 499 532 362 41 41 432 358 41 41 480 410 41 41 261 135 484 479 257 129 492 490 475 352 55 56 272 144 460 460 494 313 22 22 491 369 25 25 441 364 20 20
samples/negative_unlabelled/n13902336_41528.jpg 2 251 218 21 21 294 188 21 23
samples/negative_unlabelled/n13902336_4315.jpg 2 310 232 45 49 324 252 17 17
samples/negative_unlabelled/n13902336_4579.jpg 1 242 177 24 21
samples/negative_unlabelled/n13902336_4706.jpg 5 117 94 257 272 205 329 12 12 269 231 16 15 211 220 17 15 251 259 13 14
samples/negative_unlabelled/n13902336_5081.jpg 13 139 57 250 263 222 192 21 19 285 202 20 20 121 53 285 270 234 218 8 8 338 94 10 11 273 158 7 7 283 165 20 20 244 158 20 20 146 230 10 10 240 72 11 11 370 135 11 10 210 289 10 10
samples/negative_unlabelled/n13902336_5211.jpg 1 317 143 31 27
samples/negative_unlabelled/n13902336_5506.jpg 2 187 118 101 110 185 136 108 73
samples/negative_unlabelled/n13902336_5890.jpg 2 448 45 7 7 321 212 7 7
samples/negative_unlabelled/n13902336_625.jpg 6 221 116 26 26 68 9 339 339 238 214 10 10 75 13 323 330 263 195 10 10 278 165 10 10
samples/negative_unlabelled/n13902336_645.jpg 11 100 219 145 145 67 105 111 111 237 12 93 93 116 155 12 12 234 153 14 14 389 145 15 15 182 102 119 118 219 138 42 42 178 304 7 7 384 294 7 7 163 284 17 17
samples/negative_unlabelled/n13902336_6729.jpg 4 72 12 302 315 207 149 31 31 301 114 8 8 302 202 8 8
samples/negative_unlabelled/n13902336_7230.jpg 1 211 248 72 49
samples/negative_unlabelled/n13902336_7317.jpg 2 40 194 36 45 287 202 58 62
samples/negative_unlabelled/n13902336_7394.jpg 8 26 26 447 447 221 184 30 30 276 267 28 28 191 239 15 15 228 193 15 15 284 214 15 15 224 289 15 15 282 273 15 15
samples/negative_unlabelled/n13902336_756.jpg 17 55 258 6 6 65 355 6 6 55 91 5 5 5 264 9 12 1570 1173 10 10 839 447 83 83 611 471 84 84 413 111 7 7 1464 452 79 79 348 162 7 7 466 103 7 7 446 88 6 6 175 526 9 9 214 260 6 8 998 1179 7 7 392 244 9 6 295 499 7 7
samples/negative_unlabelled/n13902336_7874.jpg 1 214 132 27 31
samples/negative_unlabelled/n13902336_803.jpg 4 342 142 47 45 249 40 246 246 11 60 203 212 22 71 184 191
samples/negative_unlabelled/n13902336_8661.jpg 1 126 18 229 233
samples/negative_unlabelled/n13902336_8789.jpg 2 170 56 233 221 268 145 40 38
samples/negative_unlabelled/n13902336_894.jpg 7 274 177 32 32 202 120 32 32 316 49 9 9 258 122 33 33 181 171 34 34 282 192 11 11 237 222 11 11
samples/negative_unlabelled/n13902336_9169.jpg 2 261 182 60 71 21 160 53 44
samples/negative_unlabelled/n13902336_9644.jpg 1 139 111 138 138
samples/negative_unlabelled/n13902336_9826.jpg 4 220 140 46 48 271 144 23 23 192 159 23 23 112 18 257 262
samples/negative_unlabelled/n13902336_9935.jpg 1 398 243 64 57
samples/negative_unlabelled/n02675077_1022.jpg 9 228 358 8 9 182 348 10 10 201 346 10 10 192 347 10 10 270 354 10 8 176 39 83 86 164 158 126 126 255 109 10 10 185 179 84 84
samples/negative_unlabelled/n02675077_1172.jpg 4 4 5 435 433 143 134 164 164 237 168 7 7 252 168 8 8
samples/negative_unlabelled/n02675077_1302.jpg 3 14 16 369 369 129 133 138 138 192 195 11 11
samples/negative_unlabelled/n02675077_1529.jpg 2 395 106 15 15 269 440 14 17
samples/negative_unlabelled/n02675077_1642.jpg 5 129 139 23 23 120 68 7 7 136 222 21 21 79 108 10 10 181 97 10 10
samples/negative_unlabelled/n02675077_1868.jpg 1 413 80 7 7
samples/negative_unlabelled/n02675077_1967.jpg 5 62 167 22 22 216 91 11 10 253 178 7 5 86 251 6 7 258 155 6 6
samples/negative_unlabelled/n02675077_2170.jpg 1 180 247 9 9
samples/negative_unlabelled/n02675077_238.jpg 5 10 11 353 356 253 191 9 9 182 184 8 8 172 175 26 26 178 181 14 14
samples/negative_unlabelled/n02675077_3094.jpg 1 2 1 115 115
samples/negative_unlabelled/n02675077_3259.jpg 1 124 138 27 27
samples/negative_unlabelled/n02675077_338.jpg 1 155 90 26 26
samples/negative_unlabelled/n02675077_3565.jpg 2 13 2 212 210 111 101 16 16
samples/negative_unlabelled/n02675077_4134.jpg 6 49 62 349 353 214 229 30 29 303 171 6 6 268 139 10 10 242 155 19 19 61 73 324 334
samples/negative_unlabelled/n02675077_4246.jpg 1 16 9 176 176
samples/negative_unlabelled/n02675077_4320.jpg 4 5 12 163 163 7 87 19 19 61 159 5 5 51 58 70 70
samples/negative_unlabelled/n02675077_4379.jpg 3 153 65 13 13 158 69 4 4 30 205 11 11
samples/negative_unlabelled/n02675077_4541.jpg 1 91 115 6 6
samples/negative_unlabelled/n02675077_4616.jpg 4 341 188 14 21 321 433 7 7 343 195 8 9 282 444 8 6
samples/negative_unlabelled/n02675077_602.jpg 9 188 313 51 52 145 159 16 16 338 158 16 16 246 116 72 72 180 128 16 16 146 163 14 8 226 307 7 7 279 313 9 9 238 228 24 24
samples/negative_unlabelled/n02675077_691.jpg 3 250 117 122 122 133 6 356 355 306 173 10 10
samples/negative_unlabelled/n02675077_823.jpg 3 63 1 277 359 62 -6 281 374 172 225 6 6
samples/negative_unlabelled/n02675077_1022.jpg 9 228 358 8 9 182 348 10 10 201 346 10 10 192 347 10 10 270 354 10 8 176 39 83 86 164 158 126 126 255 109 10 10 185 179 84 84
samples/negative_unlabelled/n02675077_1172.jpg 4 4 5 435 433 143 134 164 164 237 168 7 7 252 168 8 8
samples/negative_unlabelled/n02675077_1037.jpg.pgm.pgm 36 789 208 17 23 518 402 14 12 794 215 8 8 868 401 35 33 580 1157 43 43 518 415 15 14 807 1345 9 7 763 1344 8 8 619 238 13 15 619 457 11 13 830 1364 8 7 815 1384 8 6 869 1344 9 9 885 1344 8 9 796 1360 16 16 476 399 35 33 642 1339 18 16 780 1379 17 17 874 406 24 22 482 404 24 23 591 1168 22 21 333 336 40 42 971 340 41 41 979 350 25 22 870 1384 8 8 923 204 7 7 342 344 21 25 664 445 7 6 957 470 6 6 676 248 5 5 1154 873 25 15 1311 756 9 12 1282 758 16 20 382 856 25 23 1199 767 13 7 355 862 13 11
samples/negative_unlabelled/n11692792_2702.jpg 1 252 70 5 5
samples/negative_unlabelled/n11692792_2807.jpg 1 312 462 9 10
samples/negative_unlabelled/n11692792_304.jpg 1 3 124 9 9
samples/negative_unlabelled/n11692792_4270.jpg 4 480 26 12 13 309 29 8 8 50 393 11 10 57 425 8 8
