samples/negative_unlabelled/n02675077_1022.jpg 9 228 358 8 9 182 348 10 10 201 346 10 10 192 347 10 10 270 354 10 8 176 39 83 86 164 158 126 126 255 109 10 10 185 179 84 84
samples/negative_unlabelled/n02675077_1023.jpg 2 300 249 26 17 111 271 9 9
samples/negative_unlabelled/n02675077_1037.jpg 36 789 208 17 23 518 402 14 12 794 215 8 8 868 401 35 33 580 1157 43 43 518 415 15 14 807 1345 9 7 763 1344 8 8 619 238 13 15 619 457 11 13 830 1364 8 7 815 1384 8 6 869 1344 9 9 885 1344 8 9 796 1360 16 16 476 399 35 33 642 1339 18 16 780 1379 17 17 874 406 24 22 482 404 24 23 591 1168 22 21 333 336 40 42 971 340 41 41 979 350 25 22 870 1384 8 8 923 204 7 7 342 344 21 25 664 445 7 6 957 470 6 6 676 248 5 5 1154 873 25 15 1311 756 9 12 1282 758 16 20 382 856 25 23 1199 767 13 7 355 862 13 11
samples/negative_unlabelled/n02675077_1069.jpg 7 131 128 236 234 139 228 75 75 293 219 20 20 295 223 16 12 270 363 6 6 142 231 71 71 243 233 23 23
samples/negative_unlabelled/n02675077_1074.jpg 2 23 22 28 28 2 1 70 70
samples/negative_unlabelled/n02675077_1130.jpg 4 123 107 258 258 293 132 13 15 295 136 8 8 309 144 8 8
samples/negative_unlabelled/n02675077_1140.jpg 3 59 58 50 50 3 3 161 160 52 52 63 63
samples/negative_unlabelled/n02675077_1172.jpg 4 4 5 435 433 143 134 164 164 237 168 7 7 252 168 8 8
samples/negative_unlabelled/n02675077_1192.jpg 8 225 207 44 44 15 17 468 468 229 213 35 33 192 280 17 17 269 396 14 14 436 331 7 8 304 370 10 10 275 448 7 7
samples/negative_unlabelled/n02675077_1220.jpg 3 246 238 13 13 21 15 460 459 221 288 6 6
samples/negative_unlabelled/n02675077_1229.jpg 1 602 249 129 126
samples/negative_unlabelled/n02675077_1262.jpg 1 46 38 19 19
samples/negative_unlabelled/n02675077_1286.jpg 3 221 208 22 22 239 35 5 5 358 330 6 6
samples/negative_unlabelled/n02675077_130.jpg 3 91 93 17 17 87 74 6 6 123 73 6 6
samples/negative_unlabelled/n02675077_1302.jpg 3 14 16 369 369 129 133 138 138 192 195 11 11
samples/negative_unlabelled/n02675077_133.jpg 3 83 76 181 169 145 125 57 65 268 229 42 42
samples/negative_unlabelled/n02675077_135.jpg 1 448 355 10 11
samples/negative_unlabelled/n02675077_1415.jpg 2 6 1 174 176 58 55 65 65
samples/negative_unlabelled/n02675077_1445.jpg 11 212 177 29 31 89 247 13 13 148 334 7 7 92 250 8 8 153 273 14 14 227 249 8 8 264 261 8 8 156 276 8 8 287 60 7 7 261 258 14 14 166 346 8 9
samples/negative_unlabelled/n02675077_1476.jpg 19 712 796 31 40 580 521 28 24 862 900 30 37 558 521 27 25 575 1003 40 30 522 476 28 30 971 379 10 10 576 901 41 30 527 377 13 13 525 480 22 22 1312 529 29 24 519 521 12 12 1264 540 13 13 1296 529 12 12 1266 528 10 10 1038 1104 19 19 1137 549 5 5 1036 1102 24 24 922 371 15 15
samples/negative_unlabelled/n02675077_1524.jpg 1 32 66 34 34
samples/negative_unlabelled/n02675077_1529.jpg 2 395 106 15 15 269 440 14 17
samples/negative_unlabelled/n02675077_1589.jpg 3 206 209 39 39 23 23 405 405 172 399 11 11
samples/negative_unlabelled/n02675077_1596.jpg 1 30 42 13 13
samples/negative_unlabelled/n02675077_1600.jpg 10 56 0 396 371 179 102 20 23 93 29 319 299 98 34 308 289 233 123 7 7 283 141 18 26 352 169 7 7 84 25 337 308 91 28 322 303 133 315 9 9
samples/negative_unlabelled/n02675077_1615.jpg 1 56 11 233 244
samples/negative_unlabelled/n02675077_1617.jpg 7 247 150 30 26 333 203 48 38 367 156 9 10 256 230 10 10 231 244 7 8 247 209 10 10 328 306 8 8
samples/negative_unlabelled/n02675077_1642.jpg 5 129 139 23 23 120 68 7 7 136 222 21 21 79 108 10 10 181 97 10 10
samples/negative_unlabelled/n02675077_1650.jpg 1 70 11 262 258
samples/negative_unlabelled/n02675077_1668.jpg 23 59 -40 482 573 167 45 13 13 100 92 15 12 344 94 23 23 50 302 15 22 547 231 21 13 343 88 26 35 96 203 8 8 35 250 16 18 285 440 24 21 254 440 7 7 468 377 23 17 375 23 13 12 217 433 7 7 549 180 8 12 530 310 6 6 314 441 6 6 342 157 12 10 472 381 15 9 115 394 7 7 222 228 5 5 319 452 8 9 122 387 7 7
samples/negative_unlabelled/n02675077_1712.jpg 6 193 194 15 15 314 162 5 5 188 91 8 8 94 147 7 7 217 94 8 8 140 105 8 8
samples/negative_unlabelled/n02675077_1726.jpg 9 5 7 416 416 150 83 33 25 251 82 19 19 114 84 24 24 287 74 27 33 290 80 20 20 157 85 20 20 219 64 8 15 354 205 18 22
samples/negative_unlabelled/n02675077_1745.jpg 7 330 66 14 14 190 187 48 48 246 53 14 12 216 20 14 14 187 113 6 6 182 160 12 12 227 113 8 8
samples/negative_unlabelled/n02675077_175.jpg 8 196 373 10 10 108 66 7 7 145 71 7 7 163 294 11 8 188 122 12 10 186 293 10 9 167 70 5 8 110 293 10 9
samples/negative_unlabelled/n02675077_1799.jpg 3 44 136 33 26 179 167 8 14 234 42 22 22
samples/negative_unlabelled/n02675077_1817.jpg 9 135 94 131 131 353 175 24 24 378 212 19 19 321 141 19 19 73 167 9 9 408 72 11 13 209 360 13 14 259 235 38 38 218 61 9 13
samples/negative_unlabelled/n02675077_1823.jpg 12 413 130 15 15 410 126 21 21 239 36 14 14 236 33 20 20 74 114 15 15 264 37 6 6 71 111 21 21 242 136 11 11 282 103 8 8 280 101 13 13 305 325 18 16 385 227 8 11
samples/negative_unlabelled/n02675077_1850.jpg 3 142 145 217 217 237 241 25 25 222 219 9 9
samples/negative_unlabelled/n02675077_1859.jpg 4 234 137 26 30 286 204 11 10 242 31 15 15 238 221 11 11
samples/negative_unlabelled/n02675077_1868.jpg 1 413 80 7 7
samples/negative_unlabelled/n02675077_1878.jpg 4 361 83 13 13 120 114 13 12 94 47 13 13 97 50 8 8
samples/negative_unlabelled/n02675077_1880.jpg 24 274 626 9 9 228 646 10 10 286 289 227 223 13 11 775 774 395 615 10 10 274 646 9 9 218 616 10 10 274 636 9 9 187 636 9 9 360 646 9 9 274 657 9 9 207 616 9 9 228 657 10 10 263 657 9 9 456 593 14 17 228 626 10 10 350 656 10 10 294 656 10 10 318 656 10 10 339 656 9 9 329 656 9 9 420 593 15 17 302 543 6 6 291 294 217 216
samples/negative_unlabelled/n02675077_1888.jpg 1 151 67 9 9
samples/negative_unlabelled/n02675077_1923.jpg 2 251 149 31 29 283 242 9 10
samples/negative_unlabelled/n02675077_193.jpg 1 39 41 37 37
samples/negative_unlabelled/n02675077_1933.jpg 4 114 117 266 266 190 194 116 116 194 197 110 110 345 318 7 7
samples/negative_unlabelled/n02675077_1943.jpg 3 142 55 18 14 280 290 12 10 181 1 9 9
samples/negative_unlabelled/n02675077_1967.jpg 5 62 167 22 22 216 91 11 10 253 178 7 5 86 251 6 7 258 155 6 6
samples/negative_unlabelled/n02675077_1978.jpg 3 3 65 53 53 101 82 18 18 102 22 18 18
samples/negative_unlabelled/n02675077_1980.jpg 8 174 176 53 53 157 19 13 12 217 19 7 7 215 17 13 12 101 345 12 13 168 372 8 8 199 371 11 13 165 369 12 12
samples/negative_unlabelled/n02675077_1983.jpg 12 223 115 8 17 27 28 487 487 23 584 487 487 219 66 39 39 329 681 6 6 246 810 39 38 216 64 44 44 132 249 31 31 332 125 7 7 215 622 39 39 213 619 44 44 135 256 28 19
samples/negative_unlabelled/n02675077_2036.jpg 3 187 173 29 29 314 114 25 28 111 303 14 13
samples/negative_unlabelled/n02675077_2094.jpg 1 116 352 10 10
samples/negative_unlabelled/n02675077_21.jpg 2 41 41 34 34 51 52 13 13
samples/negative_unlabelled/n02675077_2170.jpg 1 180 247 9 9
samples/negative_unlabelled/n02675077_2171.jpg 1 308 293 46 46
samples/negative_unlabelled/n02675077_2252.jpg 1 230 203 6 6
samples/negative_unlabelled/n02675077_2272.jpg 4 16 6 269 270 96 121 9 9 184 126 9 9 118 151 9 9
samples/negative_unlabelled/n02675077_2304.jpg 2 4 12 213 211 103 109 16 16
samples/negative_unlabelled/n02675077_2329.jpg 9 260 266 226 225 19 25 708 705 488 155 17 9 673 384 11 11 188 365 9 10 117 365 10 10 287 641 11 11 100 366 10 10 75 366 10 10
samples/negative_unlabelled/n02675077_2376.jpg 1 14 27 19 22
samples/negative_unlabelled/n02675077_238.jpg 5 10 11 353 356 253 191 9 9 182 184 8 8 172 175 26 26 178 181 14 14
samples/negative_unlabelled/n02675077_2407.jpg 1 46 21 222 224
samples/negative_unlabelled/n02675077_2423.jpg 3 145 60 14 14 129 25 6 8 37 33 9 6
samples/negative_unlabelled/n02675077_2462.jpg 3 40 41 33 33 35 36 43 43 -1 1 114 114
samples/negative_unlabelled/n02675077_2464.jpg 1 17 16 14 14
samples/negative_unlabelled/n02675077_2491.jpg 3 185 185 8 8 256 191 9 9 175 175 26 26
samples/negative_unlabelled/n02675077_2574.jpg 1 39 36 31 31
samples/negative_unlabelled/n02675077_2578.jpg 1 7 4 317 316
samples/negative_unlabelled/n02675077_2592.jpg 1 -1 131 15 12
samples/negative_unlabelled/n02675077_262.jpg 1 444 499 9 11
samples/negative_unlabelled/n02675077_2656.jpg 8 132 62 11 11 1 2 316 316 148 11 16 16 273 81 16 16 276 84 10 10 28 81 16 16 66 162 10 10 198 162 9 9
samples/negative_unlabelled/n02675077_2705.jpg 1 19 17 13 13
samples/negative_unlabelled/n02675077_2749.jpg 2 279 300 7 7 337 212 11 11
samples/negative_unlabelled/n02675077_2764.jpg 1 326 173 8 9
samples/negative_unlabelled/n02675077_2765.jpg 18 2 8 427 420 175 322 11 11 246 321 11 11 120 323 11 11 148 322 11 11 151 325 5 5 216 321 11 11 255 25 10 10 121 383 11 11 40 123 9 10 171 400 11 11 184 402 11 11 93 366 11 11 345 337 11 11 123 386 6 6 174 403 6 6 348 339 6 6 232 155 9 9
samples/negative_unlabelled/n02675077_2795.jpg 2 122 117 19 21 40 120 23 23
samples/negative_unlabelled/n02675077_2817.jpg 1 418 103 7 7
samples/negative_unlabelled/n02675077_2854.jpg 11 268 275 40 41 36 42 503 495 103 220 8 9 49 56 474 475 53 62 466 462 356 340 16 22 426 163 39 36 434 170 22 23 256 339 5 5 279 412 14 14 231 480 11 11
samples/negative_unlabelled/n02675077_2895.jpg 2 286 162 21 19 297 106 22 23
samples/negative_unlabelled/n02675077_2928.jpg 1 134 106 82 82
samples/negative_unlabelled/n02675077_2941.jpg 9 157 297 6 6 155 217 11 11 109 190 6 6 106 243 11 11 107 290 6 6 155 85 12 12 155 336 12 12 183 265 10 10 304 185 12 11
samples/negative_unlabelled/n02675077_2967.jpg 4 124 124 135 132 120 120 142 142 185 185 12 12 4 4 374 374
samples/negative_unlabelled/n02675077_2972.jpg 6 667 111 62 62 66 565 12 12 198 502 16 16 566 179 17 17 438 583 7 7 549 556 12 12
samples/negative_unlabelled/n02675077_2988.jpg 4 173 29 25 18 183 39 10 8 363 63 10 10 387 88 8 9
samples/negative_unlabelled/n02675077_3003.jpg 7 238 128 22 22 163 89 8 7 278 167 8 8 140 128 24 24 107 88 8 11 82 111 12 12 85 114 6 6
samples/negative_unlabelled/n02675077_3025.jpg 4 241 198 74 43 254 139 12 6 46 58 11 11 136 89 11 11
samples/negative_unlabelled/n02675077_3029.jpg 2 325 328 26 25 198 204 276 276
samples/negative_unlabelled/n02675077_3066.jpg 1 60 46 29 30
samples/negative_unlabelled/n02675077_3091.jpg 2 100 94 90 93 128 122 34 33
samples/negative_unlabelled/n02675077_3094.jpg 1 2 1 115 115
samples/negative_unlabelled/n02675077_3101.jpg 2 176 173 25 26 118 162 9 9
samples/negative_unlabelled/n02675077_3107.jpg 2 31 245 190 190 199 331 12 14
samples/negative_unlabelled/n02675077_3121.jpg 1 176 134 10 14
samples/negative_unlabelled/n02675077_3137.jpg 3 413 392 8 8 336 326 32 32 391 391 9 9
samples/negative_unlabelled/n02675077_3145.jpg 2 107 107 122 122 204 166 7 7
samples/negative_unlabelled/n02675077_3255.jpg 6 243 231 19 11 195 189 137 155 40 112 7 7 301 245 13 12 21 408 8 8 228 272 6 14
samples/negative_unlabelled/n02675077_3259.jpg 1 124 138 27 27
samples/negative_unlabelled/n02675077_3263.jpg 3 10 16 371 373 24 31 343 342 18 26 355 354
samples/negative_unlabelled/n02675077_327.jpg 1 109 160 180 180
samples/negative_unlabelled/n02675077_328.jpg 3 265 247 34 45 358 311 8 9 355 309 13 13
samples/negative_unlabelled/n02675077_3358.jpg 8 149 150 23 21 145 145 28 28 156 12 11 11 71 265 7 7 269 69 11 11 42 236 11 11 69 263 11 11 200 284 11 11
samples/negative_unlabelled/n02675077_337.jpg 2 7 8 450 449 265 165 11 11
samples/negative_unlabelled/n02675077_338.jpg 1 155 90 26 26
samples/negative_unlabelled/n02675077_3408.jpg 3 121 131 327 328 268 279 27 27 376 284 9 13
samples/negative_unlabelled/n02675077_3450.jpg 5 129 129 119 119 118 164 9 9 256 191 9 9 181 181 13 13 175 175 26 26
samples/negative_unlabelled/n02675077_3476.jpg 3 9 8 416 416 209 208 18 18 213 179 9 12
samples/negative_unlabelled/n02675077_3498.jpg 2 74 55 14 14 123 62 10 10
samples/negative_unlabelled/n02675077_3516.jpg 7 376 234 22 24 319 168 12 10 296 141 12 12 320 202 7 7 288 285 27 27 386 179 12 12 268 252 10 10
samples/negative_unlabelled/n02675077_3562.jpg 3 17 20 357 357 220 192 19 22 266 203 6 8
samples/negative_unlabelled/n02675077_3565.jpg 2 13 2 212 210 111 101 16 16
samples/negative_unlabelled/n02675077_3569.jpg 5 85 79 602 600 364 354 47 47 162 376 13 11 369 356 40 40 511 486 16 14
samples/negative_unlabelled/n02675077_3598.jpg 1 2 11 250 250
samples/negative_unlabelled/n02675077_3628.jpg 3 121 119 24 24 168 75 10 10 165 73 15 15
samples/negative_unlabelled/n02675077_3682.jpg 9 309 49 20 18 120 173 13 12 252 45 19 24 252 51 19 12 91 155 14 10 89 110 5 7 386 257 13 9 222 342 11 11 379 218 7 7
samples/negative_unlabelled/n02675077_370.jpg 8 242 206 7 6 83 11 454 461 247 226 7 6 253 235 8 5 270 250 6 7 280 148 5 5 290 144 5 5 311 142 5 5
samples/negative_unlabelled/n02675077_3706.jpg 2 447 168 9 9 163 194 28 25
samples/negative_unlabelled/n02675077_3726.jpg 2 27 16 213 213 99 90 64 64
samples/negative_unlabelled/n02675077_3729.jpg 1 74 154 19 29
samples/negative_unlabelled/n02675077_3736.jpg 5 1 11 509 509 241 255 24 20 242 458 7 7 327 389 14 14 153 390 14 14
samples/negative_unlabelled/n02675077_3762.jpg 2 3 1 141 141 58 57 30 30
samples/negative_unlabelled/n02675077_3779.jpg 2 303 112 10 10 300 263 14 14
samples/negative_unlabelled/n02675077_3845.jpg 2 427 226 20 19 378 143 13 5
samples/negative_unlabelled/n02675077_3909.jpg 6 102 112 109 109 111 120 96 96 193 67 8 8 128 63 8 8 150 74 6 6 171 76 6 6
samples/negative_unlabelled/n02675077_3931.jpg 2 13 32 206 206 105 127 21 21
samples/negative_unlabelled/n02675077_397.jpg 4 58 32 202 202 62 35 195 196 214 64 13 13 51 25 218 218
samples/negative_unlabelled/n02675077_4126.jpg 1 62 31 10 5
samples/negative_unlabelled/n02675077_413.jpg 3 58 30 8 8 77 77 24 24 80 80 19 19
samples/negative_unlabelled/n02675077_4134.jpg 6 49 62 349 353 214 229 30 29 303 171 6 6 268 139 10 10 242 155 19 19 61 73 324 334
samples/negative_unlabelled/n02675077_4220.jpg 2 7 14 163 163 51 29 25 25
samples/negative_unlabelled/n02675077_4223.jpg 1 26 22 143 143
samples/negative_unlabelled/n02675077_424.jpg 6 25 33 309 309 129 135 102 103 249 191 10 9 168 175 26 26 176 183 8 8 174 181 14 14
samples/negative_unlabelled/n02675077_4246.jpg 1 16 9 176 176
samples/negative_unlabelled/n02675077_4255.jpg 2 60 60 60 60 24 75 9 12
samples/negative_unlabelled/n02675077_1023.jpg 2 300 249 26 17 111 271 9 9
samples/negative_unlabelled/n02675077_1192.jpg 8 225 207 44 44 15 17 468 468 229 213 35 33 192 280 17 17 269 396 14 14 436 331 7 8 304 370 10 10 275 448 7 7
samples/negative_unlabelled/n02675077_133.jpg 3 83 76 181 169 145 125 57 65 268 229 42 42
samples/negative_unlabelled/n02675077_1650.jpg 1 70 11 262 258
samples/negative_unlabelled/n02675077_175.jpg 8 196 373 10 10 108 66 7 7 145 71 7 7 163 294 11 8 188 122 12 10 186 293 10 9 167 70 5 8 110 293 10 9
samples/negative_unlabelled/n02675077_1878.jpg 4 361 83 13 13 120 114 13 12 94 47 13 13 97 50 8 8
samples/negative_unlabelled/n02675077_1978.jpg 3 3 65 53 53 101 82 18 18 102 22 18 18
samples/negative_unlabelled/n02675077_2171.jpg 1 308 293 46 46
samples/negative_unlabelled/n02675077_2407.jpg 1 46 21 222 224
samples/negative_unlabelled/n02675077_2574.jpg 1 39 36 31 31
samples/negative_unlabelled/n02675077_2817.jpg 1 418 103 7 7
samples/negative_unlabelled/n02675077_2988.jpg 4 173 29 25 18 183 39 10 8 363 63 10 10 387 88 8 9
samples/negative_unlabelled/n02675077_3101.jpg 2 176 173 25 26 118 162 9 9
samples/negative_unlabelled/n02675077_3263.jpg 3 10 16 371 373 24 31 343 342 18 26 355 354
samples/negative_unlabelled/n02675077_3408.jpg 3 121 131 327 328 268 279 27 27 376 284 9 13
samples/negative_unlabelled/n02675077_3569.jpg 5 85 79 602 600 364 354 47 47 162 376 13 11 369 356 40 40 511 486 16 14
samples/negative_unlabelled/n02675077_3909.jpg 6 102 112 109 109 111 120 96 96 193 67 8 8 128 63 8 8 150 74 6 6 171 76 6 6
samples/negative_unlabelled/n02675077_4320.jpg 4 5 12 163 163 7 87 19 19 61 159 5 5 51 58 70 70
samples/negative_unlabelled/n02675077_4379.jpg 3 153 65 13 13 158 69 4 4 30 205 11 11
samples/negative_unlabelled/n02675077_4541.jpg 1 91 115 6 6
samples/negative_unlabelled/n02675077_4616.jpg 4 341 188 14 21 321 433 7 7 343 195 8 9 282 444 8 6
samples/negative_unlabelled/n02675077_602.jpg 9 188 313 51 52 145 159 16 16 338 158 16 16 246 116 72 72 180 128 16 16 146 163 14 8 226 307 7 7 279 313 9 9 238 228 24 24
samples/negative_unlabelled/n02675077_691.jpg 3 250 117 122 122 133 6 356 355 306 173 10 10
samples/negative_unlabelled/n02675077_823.jpg 3 63 1 277 359 62 -6 281 374 172 225 6 6
samples/negative_unlabelled/n02890188_1085.jpg 3 824 367 20 20 652 361 18 21 1270 69 18 13
samples/negative_unlabelled/n02890188_1148.jpg 7 323 122 14 10 290 216 23 23 182 62 11 11 216 266 11 11 158 69 11 11 376 134 11 11 332 174 13 13
samples/negative_unlabelled/n02890188_1183.jpg 4 193 266 11 11 128 401 9 12 137 418 11 8 240 367 10 10
samples/negative_unlabelled/n02890188_1237.jpg 4 43 137 17 22 37 135 30 26 81 124 31 42 132 124 36 36
samples/negative_unlabelled/n02890188_13.jpg 26 126 338 9 9 124 299 8 8 124 318 9 9 224 382 9 9 278 385 9 9 204 391 9 9 138 81 17 17 240 392 9 9 400 243 9 9 341 131 9 9 309 369 9 9 328 369 9 9 266 350 12 12 297 388 10 10 343 200 12 12 372 332 9 9 369 154 9 9 348 149 9 9 255 98 9 9 379 276 9 9 354 340 9 9 175 327 13 13 317 131 10 10 385 298 9 9 372 194 9 9 137 216 11 10
samples/negative_unlabelled/n02890188_1360.jpg 1 116 7 361 447
samples/negative_unlabelled/n02890188_1438.jpg 1 26 142 5 5
samples/negative_unlabelled/n02890188_149.jpg 6 328 160 5 5 308 177 13 11 207 187 11 10 308 237 6 7 319 157 5 5 301 172 11 11
samples/negative_unlabelled/n02890188_1540.jpg 1 20 13 250 214
samples/negative_unlabelled/n02890188_1607.jpg 3 139 186 13 16 326 82 14 14 423 105 12 12
samples/negative_unlabelled/n02890188_1688.jpg 26 331 93 11 16 325 259 15 15 38 -9 320 371 346 174 12 17 357 205 12 17 158 132 80 75 23 147 15 15 59 227 16 15 186 38 11 16 245 50 14 13 125 49 14 14 154 119 16 17 89 53 16 12 31 205 13 17 38 175 15 16 103 270 18 13 152 29 11 16 44 122 15 15 330 228 17 12 290 270 17 13 43 94 16 11 67 259 16 16 77 77 11 16 127 297 18 14 201 309 15 17 232 293 18 14
samples/negative_unlabelled/n02890188_1768.jpg 12 224 176 20 21 264 91 23 23 264 266 12 11 262 248 14 10 250 262 9 14 145 27 14 9 226 289 11 12 211 279 11 13 137 271 11 11 90 65 13 10 105 47 13 10 79 187 11 11
samples/negative_unlabelled/n02890188_1850.jpg 2 324 88 35 39 360 124 23 38
samples/negative_unlabelled/n02890188_1928.jpg 2 298 182 10 10 206 177 84 82
samples/negative_unlabelled/n02890188_2011.jpg 2 146 61 10 10 140 111 41 32
samples/negative_unlabelled/n02890188_2053.jpg 19 397 15 10 10 473 92 10 10 407 29 10 10 319 96 14 15 236 223 39 37 336 50 11 11 326 252 21 21 272 154 13 7 400 227 23 25 81 80 7 6 404 233 14 14 413 110 11 11 376 306 14 14 383 84 10 11 382 152 14 14 173 278 14 14 430 306 11 11 320 8 11 11 335 16 11 11
samples/negative_unlabelled/n02890188_209.jpg 2 169 132 154 168 293 191 18 16
samples/negative_unlabelled/n02890188_2140.jpg 2 231 252 36 36 132 361 6 6
samples/negative_unlabelled/n02890188_2205.jpg 12 240 90 24 23 188 61 23 24 165 142 31 40 276 241 25 23 150 135 60 54 361 3 26 26 298 45 24 26 38 47 26 26 67 286 18 22 411 252 25 25 435 225 25 25 441 110 22 22
samples/negative_unlabelled/n02890188_2232.jpg 2 358 4 5 5 357 146 16 20
samples/negative_unlabelled/n02890188_2280.jpg 8 210 54 8 8 41 51 20 19 157 87 8 8 314 55 20 21 279 184 16 16 152 168 16 15 83 183 15 16 118 103 9 9
samples/negative_unlabelled/n02890188_2333.jpg 1 179 135 22 27
samples/negative_unlabelled/n02890188_2450.jpg 3 215 281 27 27 116 209 7 7 46 221 7 7
samples/negative_unlabelled/n02890188_2489.jpg 1 173 152 6 6
samples/negative_unlabelled/n02890188_2559.jpg 16 30 306 20 19 62 376 19 19 176 465 25 23 397 453 19 21 369 8 21 21 22 228 20 20 76 83 20 20 372 13 13 13 34 309 13 13 140 34 13 13 440 55 13 13 213 2 13 13 80 88 13 13 66 379 12 12 41 156 13 12 181 469 15 15
samples/negative_unlabelled/n02890188_2715.jpg 13 137 164 52 47 339 292 8 8 343 281 9 9 344 329 8 8 44 291 7 7 40 299 7 7 37 306 7 7 317 376 7 7 336 366 6 7 346 271 9 8 337 352 8 6 99 390 6 6 113 395 7 7
samples/negative_unlabelled/n02890188_2759.jpg 3 205 178 29 26 148 150 8 8 142 164 9 9
samples/negative_unlabelled/n02890188_3038.jpg 1 168 147 6 6
samples/negative_unlabelled/n02890188_3078.jpg 2 462 244 21 21 101 154 8 8
samples/negative_unlabelled/n02890188_3130.jpg 3 99 174 7 7 105 35 6 9 125 245 7 7
samples/negative_unlabelled/n02890188_3262.jpg 3 174 48 9 23 184 13 9 16 485 314 10 10
samples/negative_unlabelled/n02890188_3328.jpg 10 47 157 6 6 129 83 11 11 148 30 5 5 150 49 6 6 161 54 6 6 77 83 7 7 51 50 114 114 158 26 6 6 63 61 91 91 27 77 8 8
samples/negative_unlabelled/n02890188_335.jpg 1 526 180 7 7
samples/negative_unlabelled/n02890188_3470.jpg 6 296 70 9 9 286 92 9 9 277 51 9 9 16 149 8 8 44 157 9 9 57 175 8 8
samples/negative_unlabelled/n02890188_3552.jpg 1 407 109 19 19
samples/negative_unlabelled/n02890188_3627.jpg 25 431 266 6 6 229 213 6 6 223 221 6 6 235 206 6 6 427 282 6 6 242 171 6 6 316 210 43 43 413 302 6 6 250 167 6 6 349 344 7 7 236 270 7 7 390 325 7 7 411 312 6 6 245 288 7 7 400 117 8 8 384 334 7 7 262 156 6 6 291 331 7 7 233 242 7 7 318 346 7 7 377 343 7 6 267 148 6 6 358 348 7 7 358 338 7 7 273 319 7 7
samples/negative_unlabelled/n02890188_3710.jpg 2 324 265 8 8 290 307 8 8
samples/negative_unlabelled/n02890188_3783.jpg 6 384 129 16 17 248 277 14 13 149 119 10 10 318 271 11 11 355 221 12 11 59 132 10 10
samples/negative_unlabelled/n02890188_3852.jpg 6 199 155 17 12 57 123 297 298 142 194 13 17 244 261 16 17 174 183 73 75 535 438 11 11
samples/negative_unlabelled/n02890188_3924.jpg 1 231 261 9 12
samples/negative_unlabelled/n02890188_3976.jpg 2 398 159 7 7 323 239 21 5
samples/negative_unlabelled/n02890188_4057.jpg 5 300 189 7 7 304 159 6 6 159 119 6 5 326 154 5 6 125 152 5 5
samples/negative_unlabelled/n02890188_4138.jpg 5 88 192 11 11 81 168 12 12 221 23 8 8 99 148 12 12 188 279 11 11
samples/negative_unlabelled/n02890188_419.jpg 7 248 100 9 6 248 88 8 8 214 104 5 8 211 94 8 6 237 89 8 6 228 89 6 8 317 132 12 13
samples/negative_unlabelled/n02890188_425.jpg 49 477 230 12 12 466 293 13 12 182 273 12 13 459 220 12 11 210 344 13 13 231 337 13 13 459 257 11 13 230 358 13 13 277 377 13 14 455 202 12 12 200 308 13 13 178 254 12 12 252 369 13 13 178 309 13 12 214 324 13 13 190 291 12 13 455 313 13 13 445 294 13 13 477 251 13 11 270 357 13 13 302 382 14 14 461 239 12 12 232 150 15 17 448 184 10 12 235 153 10 10 474 272 13 12 431 139 11 11 159 246 12 12 412 142 11 11 467 189 12 12 315 364 14 14 433 312 13 13 440 331 13 13 457 170 12 12 419 326 12 14 328 382 14 14 402 361 13 13 177 235 11 12 338 363 14 14 379 372 14 13 172 185 11 11 395 115 11 11 361 116 10 11 160 225 12 12 164 205 11 11 375 107 11 11 247 128 9 11 282 115 11 11 302 112 11 11
samples/negative_unlabelled/n02890188_4443.jpg 12 201 456 10 12 340 298 15 15 134 421 11 11 238 306 20 20 84 289 9 11 178 366 20 17 105 419 9 11 213 337 12 12 337 472 11 13 138 486 10 8 51 306 11 12 70 372 8 10
samples/negative_unlabelled/n02890188_4583.jpg 18 127 238 19 15 97 230 16 18 309 245 19 14 159 264 19 13 282 260 19 13 365 233 20 14 204 99 17 10 150 139 14 17 170 113 13 16 182 188 12 20 71 219 13 20 327 146 19 12 418 165 16 17 64 189 19 12 49 172 17 14 298 46 14 13 76 102 10 17 423 115 11 18
samples/negative_unlabelled/n02890188_4675.jpg 1 283 137 16 29
samples/negative_unlabelled/n02890188_4707.jpg 6 193 117 10 10 134 331 10 10 213 356 14 12 299 350 13 13 234 317 13 13 276 315 12 12
samples/negative_unlabelled/n02890188_4772.jpg 1 72 40 269 269
samples/negative_unlabelled/n02890188_4879.jpg 3 153 117 233 221 168 126 201 202 328 247 6 6
samples/negative_unlabelled/n02890188_5181.jpg 1 286 220 12 12
samples/negative_unlabelled/n02890188_5338.jpg 2 265 242 11 11 330 177 6 6
samples/negative_unlabelled/n02890188_5377.jpg 1 308 325 6 8
samples/negative_unlabelled/n02890188_5491.jpg 10 277 83 14 19 385 73 8 10 283 317 9 9 296 274 11 15 374 269 7 10 331 60 8 6 291 64 8 8 363 52 8 8 290 118 7 7 258 122 6 6
samples/negative_unlabelled/n02890188_562.jpg 4 213 337 11 11 207 330 22 24 299 331 13 13 317 116 10 10
samples/negative_unlabelled/n02890188_5867.jpg 2 124 224 5 5 277 193 11 11
samples/negative_unlabelled/n02890188_5916.jpg 6 259 122 12 12 238 109 12 12 258 178 13 13 485 197 11 11 296 151 11 11 176 202 13 11
samples/negative_unlabelled/n02890188_6207.jpg 7 471 86 11 11 483 96 8 9 132 22 9 9 225 37 7 7 231 25 10 8 200 30 9 9 283 7 9 9
samples/negative_unlabelled/n02890188_628.jpg 11 350 32 32 32 163 124 32 32 446 84 32 32 454 91 16 16 379 348 9 9 358 40 16 16 470 19 14 14 449 282 10 10 481 43 14 14 170 131 18 18 134 356 15 15
samples/negative_unlabelled/n02890188_6355.jpg 6 240 12 18 23 280 247 24 18 115 300 25 21 236 284 22 22 177 305 25 19 35 26 11 11
samples/negative_unlabelled/n02890188_6400.jpg 9 258 236 8 8 243 248 6 6 311 24 6 6 276 23 7 7 304 12 6 6 211 163 8 7 219 218 6 6 87 182 34 28 202 135 8 7
samples/negative_unlabelled/n02890188_6442.jpg 1 360 202 16 16
samples/negative_unlabelled/n02890188_6541.jpg 2 189 320 26 22 448 219 16 21
samples/negative_unlabelled/n02890188_6729.jpg 15 92 74 5 5 242 127 8 14 133 371 16 15 88 438 11 11 151 335 20 22 249 433 15 16 308 437 13 17 100 93 5 5 58 344 17 17 95 360 17 16 72 248 37 26 259 374 21 17 96 466 11 11 253 285 10 8 71 153 5 5
samples/negative_unlabelled/n02890188_6990.jpg 1 258 213 18 17
samples/negative_unlabelled/n02890188_7033.jpg 2 53 267 7 7 106 310 6 6
samples/negative_unlabelled/n02890188_7074.jpg 7 236 343 14 14 87 362 11 11 150 436 11 11 260 347 11 11 94 388 11 11 253 321 11 11 246 306 10 10
samples/negative_unlabelled/n02890188_7096.jpg 4 430 29 5 5 454 8 5 6 391 36 4 4 64 195 57 57
samples/negative_unlabelled/n02890188_7286.jpg 5 112 282 123 124 180 342 9 9 157 342 9 9 105 139 7 8 158 164 15 6
samples/negative_unlabelled/n02890188_7311.jpg 9 477 80 12 13 217 168 14 14 251 137 13 13 231 142 13 14 269 114 13 13 291 111 12 14 444 251 22 20 371 294 23 21 127 322 23 23
samples/negative_unlabelled/n02890188_7363.jpg 1 307 242 10 10
samples/negative_unlabelled/n02890188_7526.jpg 2 213 19 11 11 451 34 8 8
samples/negative_unlabelled/n02890188_7567.jpg 4 251 65 8 7 365 101 20 21 125 33 9 9 69 188 10 10
samples/negative_unlabelled/n02890188_7692.jpg 12 212 127 56 57 217 132 47 47 390 69 24 24 330 249 26 26 325 121 24 22 325 93 17 17 130 13 235 235 173 58 18 18 321 152 18 20 189 285 10 10 226 30 20 20 286 44 21 19
samples/negative_unlabelled/n02890188_7764.jpg 3 227 26 18 18 109 16 19 18 463 268 16 15
samples/negative_unlabelled/n02890188_7969.jpg 1 205 206 56 56
samples/negative_unlabelled/n02890188_8021.jpg 3 285 136 15 19 362 282 8 8 138 193 14 13
samples/negative_unlabelled/n02890188_8101.jpg 4 256 170 10 10 459 89 9 9 121 139 6 6 284 201 10 10
samples/negative_unlabelled/n02890188_8261.jpg 4 355 261 16 15 440 280 27 28 1 257 29 24 13 121 29 29
samples/negative_unlabelled/n02890188_8400.jpg 9 168 68 244 244 284 185 8 8 262 121 8 8 202 45 12 12 87 207 11 11 288 117 8 8 249 228 6 6 294 25 6 6 115 224 8 8
samples/negative_unlabelled/n02890188_8525.jpg 3 291 195 12 12 265 162 13 13 224 178 12 12
samples/negative_unlabelled/n02890188_8719.jpg 2 238 234 8 8 307 155 9 9
samples/negative_unlabelled/n02890188_8779.jpg 1 213 334 7 7
samples/negative_unlabelled/n02890188_8848.jpg 25 61 123 9 8 65 92 8 9 57 104 9 9 73 81 9 9 286 60 11 11 64 153 9 9 63 74 9 9 73 63 9 9 56 135 8 10 457 142 9 10 260 129 26 25 93 17 9 9 454 49 9 9 451 63 10 8 461 79 10 10 454 123 10 10 466 131 10 10 446 153 10 10 285 293 10 10 322 283 11 11 307 282 10 10 291 279 10 10 270 288 10 10 173 283 10 10 246 295 10 10
samples/negative_unlabelled/n02890188_8932.jpg 5 271 342 13 6 263 222 5 5 246 277 18 9 451 211 11 17 83 308 6 6
samples/negative_unlabelled/n02890188_9026.jpg 12 348 266 7 7 192 266 9 12 343 67 5 10 264 3 10 5 286 15 8 9 255 127 15 10 257 237 10 9 263 206 10 8 280 183 10 10 223 269 9 9 391 152 9 9 374 67 8 8
samples/negative_unlabelled/n02890188_9082.jpg 3 383 189 7 7 363 189 11 11 233 273 8 8
samples/negative_unlabelled/n02890188_9155.jpg 1 62 83 18 18
samples/negative_unlabelled/n02890188_956.jpg 1 174 415 15 18
samples/negative_unlabelled/n02890188_9632.jpg 2 274 167 11 12 213 183 11 12
samples/negative_unlabelled/n02890188_9825.jpg 4 165 72 6 6 248 287 6 6 262 283 6 6 248 278 6 6
samples/negative_unlabelled/n02890188_9989.jpg 2 1 235 11 12 271 65 15 15
samples/negative_unlabelled/n03032811_11211.jpg 1 93 164 13 13
samples/negative_unlabelled/n03032811_1217.jpg 10 32 30 448 439 98 91 318 318 127 120 261 261 176 169 163 164 193 186 129 129 210 203 96 96 221 214 73 73 234 227 48 48 241 234 33 33 250 243 16 16
samples/negative_unlabelled/n03032811_12940.jpg 1 31 217 10 7
samples/negative_unlabelled/n03032811_13593.jpg 3 311 320 17 13 312 125 12 12 240 64 9 9
samples/negative_unlabelled/n03032811_14834.jpg 7 274 210 57 57 281 216 43 43 288 223 30 30 278 213 49 49 391 394 33 33 400 403 15 15 438 401 8 9
samples/negative_unlabelled/n03032811_15333.jpg 2 18 17 163 163 48 48 102 102
samples/negative_unlabelled/n03032811_16732.jpg 1 336 395 13 14
samples/negative_unlabelled/n03032811_17705.jpg 72 197 184 88 88 254 258 7 7 338 50 10 10 72 64 334 332 58 120 10 10 307 34 10 10 298 163 9 9 30 202 11 11 367 70 10 10 36 169 10 10 35 275 11 11 426 156 10 10 46 308 11 11 263 251 7 7 217 194 7 7 31 258 10 10 233 261 7 7 432 173 10 10 194 182 93 93 412 124 10 10 433 278 10 10 40 292 11 11 43 151 10 10 227 189 7 7 176 163 9 8 312 152 7 7 249 190 7 7 33 185 11 11 438 244 10 10 206 243 7 7 50 135 10 10 380 83 10 10 68 105 10 10 209 201 7 7 408 241 22 22 80 91 10 10 322 41 10 10 237 21 10 10 259 195 6 6 204 211 7 7 164 150 7 7 267 202 7 7 436 191 10 10 436 261 10 10 420 311 10 10 104 67 10 10 75 355 10 10 411 244 17 17 212 251 8 8 162 299 7 7 91 78 10 10 403 110 10 10 404 341 10 10 438 209 10 10 87 368 10 10 167 33 10 10 93 224 6 6 439 226 10 10 118 57 10 10 393 356 10 10 219 22 10 10 101 381 10 10 413 326 10 10 367 382 10 10 131 402 10 10 338 402 10 10 381 369 10 10 354 392 10 10 202 24 10 10 163 417 10 10 180 423 10 10 146 410 11 11
samples/negative_unlabelled/n03032811_19705.jpg 2 300 121 6 6 147 384 6 6
samples/negative_unlabelled/n03032811_20205.jpg 6 360 261 7 7 415 259 9 17 136 270 7 7 136 179 7 8 254 382 10 7 270 368 8 7
samples/negative_unlabelled/n03032811_22671.jpg 4 164 293 38 31 197 94 37 44 115 446 27 35 193 319 29 29
samples/negative_unlabelled/n03032811_25556.jpg 1 189 94 237 218
samples/negative_unlabelled/n03032811_25940.jpg 1 144 296 11 10
samples/negative_unlabelled/n03032811_26175.jpg 1 15 346 7 7
samples/negative_unlabelled/n03032811_2707.jpg 2 176 206 47 43 239 168 15 11
samples/negative_unlabelled/n03032811_27676.jpg 1 314 239 14 14
samples/negative_unlabelled/n03032811_28113.jpg 5 109 57 261 251 385 230 24 32 85 262 23 36 115 309 5 7 173 346 11 11
samples/negative_unlabelled/n03032811_29265.jpg 3 171 108 171 171 458 129 6 6 447 277 10 4
samples/negative_unlabelled/n03032811_29688.jpg 2 78 14 5 5 417 50 20 20
samples/negative_unlabelled/n03032811_29871.jpg 6 105 11 313 371 107 -13 309 419 123 31 275 328 211 200 10 14 297 192 13 10 261 222 18 17
samples/negative_unlabelled/n03032811_30605.jpg 1 115 63 17 17
samples/negative_unlabelled/n03032811_31054.jpg 2 262 438 6 6 296 439 6 6
samples/negative_unlabelled/n03032811_31618.jpg 2 300 22 18 17 487 56 9 9
samples/negative_unlabelled/n03032811_32959.jpg 19 249 242 15 15 261 289 15 15 267 219 7 7 80 280 5 5 268 231 7 7 280 254 7 7 291 268 7 7 286 279 7 7 282 242 7 7 158 303 11 11 89 217 23 23 247 288 9 10 285 305 8 8 250 212 7 7 105 355 7 7 97 188 11 11 93 320 7 7 287 323 8 8 205 392 6 6
samples/negative_unlabelled/n03032811_33310.jpg 1 205 220 8 11
samples/negative_unlabelled/n03032811_34310.jpg 1 74 194 21 7
samples/negative_unlabelled/n03032811_35472.jpg 38 143 226 16 22 115 224 15 23 368 220 19 20 341 224 19 20 258 84 19 19 28 27 444 444 147 278 20 19 255 112 21 17 124 288 15 23 321 302 21 17 166 342 15 23 136 165 21 17 342 320 22 17 228 367 16 22 159 182 22 16 121 193 19 20 146 204 22 17 277 148 22 16 398 256 17 21 230 340 16 22 147 367 21 17 227 140 17 22 141 318 15 23 334 199 20 20 223 112 16 22 160 303 21 17 318 344 23 16 301 163 17 17 359 291 23 15 190 121 16 22 183 319 16 22 201 147 19 20 117 345 5 14 115 255 15 23 143 251 15 24 344 160 17 22 323 176 16 22 194 360 19 20
samples/negative_unlabelled/n03032811_3633.jpg 2 420 244 14 9 110 70 21 31
samples/negative_unlabelled/n03032811_36636.jpg 4 237 201 27 27 117 59 6 6 243 205 17 17 318 21 9 21
samples/negative_unlabelled/n03032811_5669.jpg 3 175 111 26 26 118 100 9 9 181 117 14 14
samples/negative_unlabelled/n03032811_5964.jpg 1 407 290 17 16
samples/negative_unlabelled/n03032811_6277.jpg 1 120 167 7 7
samples/negative_unlabelled/n03032811_6667.jpg 1 39 201 12 13
samples/negative_unlabelled/n03032811_733.jpg 19 191 267 12 13 112 161 19 23 123 304 15 24 121 341 22 19 428 89 9 9 353 246 12 12 373 722 7 13 157 272 14 11 429 108 7 11 131 510 23 16 290 255 11 12 208 596 12 12 321 250 12 12 415 99 7 7 451 744 10 13 458 654 12 9 425 553 5 5 88 793 11 7 213 46 4 4
samples/negative_unlabelled/n03032811_7978.jpg 2 171 72 5 5 242 195 10 10
samples/negative_unlabelled/n03032811_8948.jpg 1 293 572 217 217
samples/negative_unlabelled/n03032811_9530.jpg 1 240 226 6 6
samples/negative_unlabelled/n03165955_1299.jpg 1 81 284 10 34
samples/negative_unlabelled/n03189311_3646.jpg 3 80 41 251 247 196 158 19 19 139 98 133 137
samples/negative_unlabelled/n03189311_8580.jpg 2 24 171 27 27 33 71 86 86
samples/negative_unlabelled/n03397947_10032.jpg 2 465 229 15 19 470 194 9 9
samples/negative_unlabelled/n03397947_1051.jpg 1 14 8 394 394
samples/negative_unlabelled/n03397947_10844.jpg 1 2 204 13 4
samples/negative_unlabelled/n03397947_10904.jpg 1 25 78 9 6
samples/negative_unlabelled/n03397947_1094.jpg 1 56 146 11 11
samples/negative_unlabelled/n03397947_11056.jpg 1 205 22 11 16
samples/negative_unlabelled/n03397947_11105.jpg 3 203 110 13 13 474 42 7 7 35 21 12 12
samples/negative_unlabelled/n03397947_11459.jpg 2 465 94 12 12 438 94 8 8
samples/negative_unlabelled/n03397947_11553.jpg 1 403 120 8 11
samples/negative_unlabelled/n03397947_2205.jpg 6 113 118 268 269 104 109 285 285 108 113 277 277 161 287 20 20 187 202 10 13 164 290 13 13
samples/negative_unlabelled/n03397947_269.jpg 1 118 467 10 10
samples/negative_unlabelled/n03397947_2902.jpg 1 2 94 7 7
samples/negative_unlabelled/n03397947_3226.jpg 1 2 91 23 26
samples/negative_unlabelled/n03397947_3283.jpg 4 25 18 8 8 239 32 8 8 76 116 12 12 137 44 9 10
samples/negative_unlabelled/n03397947_3629.jpg 2 310 73 6 6 270 64 6 8
samples/negative_unlabelled/n03397947_407.jpg 1 230 56 21 15
samples/negative_unlabelled/n03397947_412.jpg 1 261 102 6 6
samples/negative_unlabelled/n03397947_4422.jpg 2 15 83 8 8 171 59 6 6
samples/negative_unlabelled/n03397947_5190.jpg 3 188 39 11 10 140 102 6 6 92 104 12 8
samples/negative_unlabelled/n03397947_538.jpg 1 70 24 8 9
samples/negative_unlabelled/n03397947_5646.jpg 1 6 83 89 77
samples/negative_unlabelled/n03397947_706.jpg 1 295 272 5 5
samples/negative_unlabelled/n03397947_7249.jpg 14 172 257 48 48 280 149 44 44 279 44 46 46 265 33 74 73 161 138 71 71 265 135 72 72 159 243 74 74 60 38 71 69 57 140 75 74 175 260 43 43 172 46 46 46 270 241 74 74 381 134 71 73 378 240 74 73
samples/negative_unlabelled/n03397947_7342.jpg 1 60 5 364 360
samples/negative_unlabelled/n03397947_7510.jpg 2 111 109 8 8 445 15 14 14
samples/negative_unlabelled/n03397947_8002.jpg 1 298 121 7 7
samples/negative_unlabelled/n03397947_8851.jpg 5 110 104 279 279 105 100 287 287 163 277 20 20 165 281 14 14 189 191 10 13
samples/negative_unlabelled/n03397947_9212.jpg 1 460 172 18 14
samples/negative_unlabelled/n03397947_9402.jpg 2 177 48 11 11 47 91 10 10
samples/negative_unlabelled/n03397947_992.jpg 9 120 33 6 6 256 165 8 8 319 15 8 8 139 1 6 6 222 295 8 8 279 57 7 9 153 266 8 8 307 5 7 6 162 119 10 10
samples/negative_unlabelled/n03954393_10048.jpg 1 218 26 45 45
samples/negative_unlabelled/n03954393_1312.jpg 2 376 170 11 4 345 92 11 8
samples/negative_unlabelled/n03954393_1386.jpg 3 175 111 26 26 256 128 9 9 181 117 14 14
samples/negative_unlabelled/n03954393_1446.jpg 1 11 -3 474 486
samples/negative_unlabelled/n03954393_1679.jpg 2 182 82 8 8 355 215 10 10
samples/negative_unlabelled/n03954393_1736.jpg 2 1 3 451 446 229 271 6 6
samples/negative_unlabelled/n03954393_1847.jpg 1 3 1 489 489
samples/negative_unlabelled/n03954393_2346.jpg 1 7 3 212 213
samples/negative_unlabelled/n03954393_242.jpg 3 50 180 11 5 249 198 5 5 34 243 9 5
samples/negative_unlabelled/n03954393_2762.jpg 1 0 106 10 10
samples/negative_unlabelled/n03954393_3084.jpg 3 10 11 275 276 145 204 5 5 6 7 284 284
samples/negative_unlabelled/n03954393_319.jpg 2 96 38 7 7 78 90 8 8
samples/negative_unlabelled/n03954393_3294.jpg 1 3 5 486 486
samples/negative_unlabelled/n03954393_3369.jpg 1 164 200 97 94
samples/negative_unlabelled/n03954393_3469.jpg 1 36 345 10 10
samples/negative_unlabelled/n03954393_357.jpg 1 4 1 242 242
samples/negative_unlabelled/n03954393_3922.jpg 2 11 6 455 455 314 329 7 7
samples/negative_unlabelled/n03954393_4041.jpg 1 219 147 10 10
samples/negative_unlabelled/n03954393_4105.jpg 1 135 225 6 6
samples/negative_unlabelled/n03954393_4204.jpg 5 344 105 8 8 289 403 9 9 253 270 9 13 138 290 7 7 278 405 7 7
samples/negative_unlabelled/n03954393_4377.jpg 1 107 227 7 7
samples/negative_unlabelled/n03954393_4531.jpg 2 126 152 8 8 207 152 8 8
samples/negative_unlabelled/n03954393_4689.jpg 2 338 122 71 81 232 196 100 105
samples/negative_unlabelled/n03954393_4725.jpg 7 261 -1 240 240 4 3 244 244 207 150 8 8 306 182 9 9 416 19 10 10 414 17 15 15 322 256 7 7
samples/negative_unlabelled/n03954393_4919.jpg 2 303 4 297 294 2 3 297 297
samples/negative_unlabelled/n03954393_5181.jpg 1 3 1 154 151
samples/negative_unlabelled/n03954393_5548.jpg 4 120 194 11 14 107 194 12 13 164 29 14 15 167 32 9 9
samples/negative_unlabelled/n03954393_5718.jpg 10 259 4 245 245 1 2 250 250 51 38 16 16 285 30 192 192 53 41 11 11 481 143 10 10 367 229 8 10 47 127 7 7 402 18 9 9 398 15 14 14
samples/negative_unlabelled/n03954393_601.jpg 1 5 4 163 164
samples/negative_unlabelled/n03954393_6309.jpg 1 9 9 201 201
samples/negative_unlabelled/n03954393_6541.jpg 4 17 20 114 114 154 20 113 113 39 134 5 7 48 2 10 5
samples/negative_unlabelled/n03954393_6924.jpg 2 9 9 214 216 158 43 16 16
samples/negative_unlabelled/n03954393_7336.jpg 3 41 31 481 475 425 153 11 11 239 447 10 10
samples/negative_unlabelled/n03954393_8069.jpg 1 6 21 175 175
samples/negative_unlabelled/n03954393_823.jpg 1 21 8 164 160
samples/negative_unlabelled/n03954393_8522.jpg 1 28 24 407 407
samples/negative_unlabelled/n03954393_884.jpg 6 2 8 258 255 190 36 11 12 181 54 6 7 203 191 6 6 212 178 7 7 49 183 7 7
samples/negative_unlabelled/n03954393_8948.jpg 1 496 266 21 17
samples/negative_unlabelled/n03954393_9121.jpg 1 247 71 9 9
samples/negative_unlabelled/n03954393_9295.jpg 6 345 84 18 20 415 126 7 7 411 89 9 8 108 217 12 11 104 27 6 6 265 188 6 6
samples/negative_unlabelled/n03954393_9572.jpg 2 292 9 292 283 2 4 285 293
samples/negative_unlabelled/n03954393_9731.jpg 1 6 2 488 488
samples/negative_unlabelled/n03954393_9877.jpg 6 240 2 189 189 241 306 188 188 193 251 35 36 305 70 46 51 11 303 189 189 309 370 42 56
samples/negative_unlabelled/n03954393_9991.jpg 2 95 48 305 314 310 318 5 8
samples/negative_unlabelled/n04349189_1217.jpg 3 142 20 313 322 326 267 14 14 332 282 16 16
samples/negative_unlabelled/n04349189_1309.jpg 1 59 179 5 5
samples/negative_unlabelled/n04349189_1454.jpg 3 14 16 300 302 339 14 303 303 205 94 8 8
samples/negative_unlabelled/n04349189_1523.jpg 6 55 63 50 50 11 117 49 49 22 176 43 41 168 81 51 51 120 128 60 60 131 136 40 40
samples/negative_unlabelled/n04349189_1574.jpg 1 178 172 98 98
samples/negative_unlabelled/n04349189_1801.jpg 8 188 111 130 131 212 135 81 81 230 124 7 7 198 192 14 14 202 196 7 7 214 134 7 7 226 121 13 13 58 135 83 83
samples/negative_unlabelled/n04349189_1987.jpg 2 59 0 13 13 28 16 12 11
samples/negative_unlabelled/n04349189_2382.jpg 2 98 246 9 9 144 122 109 106
samples/negative_unlabelled/n04349189_2539.jpg 3 204 144 10 15 286 23 8 12 270 17 7 11
samples/negative_unlabelled/n04349189_270.jpg 1 39 11 154 154
samples/negative_unlabelled/n04349189_3001.jpg 1 81 21 21 20
samples/negative_unlabelled/n04349189_3086.jpg 6 215 244 102 102 22 148 103 103 229 352 8 8 302 352 8 8 253 2 143 144 146 12 105 105
samples/negative_unlabelled/n04349189_3215.jpg 1 147 284 23 23
samples/negative_unlabelled/n04349189_3310.jpg 1 125 134 232 232
samples/negative_unlabelled/n04349189_347.jpg 1 125 134 232 232
samples/negative_unlabelled/n04349189_46.jpg 3 173 107 126 125 132 67 207 207 332 74 31 31
samples/negative_unlabelled/n04349189_637.jpg 3 249 179 16 16 241 172 32 31 127 58 261 261
samples/negative_unlabelled/n04349189_731.jpg 4 53 74 196 199 275 70 176 171 104 120 104 104 279 73 168 164
samples/negative_unlabelled/n04448361_10020.jpg 1 7 14 278 278
samples/negative_unlabelled/n04448361_10132.jpg 2 275 193 27 27 227 139 24 25
samples/negative_unlabelled/n04448361_10213.jpg 1 231 -2 213 213
samples/negative_unlabelled/n04448361_10267.jpg 1 16 10 211 211
samples/negative_unlabelled/n04448361_10343.jpg 1 168 10 5 5
samples/negative_unlabelled/n04448361_10522.jpg 1 6 3 276 275
samples/negative_unlabelled/n04448361_10700.jpg 1 2 2 119 119
samples/negative_unlabelled/n04448361_10914.jpg 1 58 249 30 23
samples/negative_unlabelled/n04448361_10969.jpg 2 86 275 13 6 193 32 7 5
samples/negative_unlabelled/n04448361_11044.jpg 1 16 24 317 323
samples/negative_unlabelled/n04448361_11230.jpg 1 139 217 16 9
samples/negative_unlabelled/n04448361_11316.jpg 1 259 86 30 30
samples/negative_unlabelled/n04448361_11527.jpg 1 12 27 227 229
samples/negative_unlabelled/n04448361_11822.jpg 1 98 429 10 10
samples/negative_unlabelled/n04448361_12188.jpg 1 3 3 327 327
samples/negative_unlabelled/n04448361_12249.jpg 1 468 448 10 10
samples/negative_unlabelled/n04448361_12371.jpg 2 90 231 24 21 279 250 9 9
samples/negative_unlabelled/n04448361_12543.jpg 1 47 6 248 246
samples/negative_unlabelled/n04448361_1451.jpg 1 10 8 270 270
samples/negative_unlabelled/n04448361_1564.jpg 1 3 6 480 484
samples/negative_unlabelled/n04448361_1655.jpg 6 187 252 107 111 471 238 110 109 93 271 92 92 0 2 82 82 93 8 88 88 299 6 81 81
samples/negative_unlabelled/n04448361_1806.jpg 2 2 22 40 40 55 22 40 41
samples/negative_unlabelled/n04448361_2238.jpg 1 274 267 18 18
samples/negative_unlabelled/n04448361_2377.jpg 2 48 42 251 246 6 -2 335 335
samples/negative_unlabelled/n04448361_2513.jpg 2 22 57 199 199 276 55 201 198
samples/negative_unlabelled/n04448361_2654.jpg 4 53 74 196 199 275 70 176 171 104 120 104 104 279 73 168 164
samples/negative_unlabelled/n04448361_2813.jpg 1 10 2 321 323
samples/negative_unlabelled/n04448361_287.jpg 1 313 56 24 24
samples/negative_unlabelled/n04448361_2986.jpg 1 256 338 7 7
samples/negative_unlabelled/n04448361_3146.jpg 3 46 39 251 250 136 121 8 10 5 0 332 332
samples/negative_unlabelled/n04448361_3363.jpg 1 230 163 8 8
samples/negative_unlabelled/n04448361_3482.jpg 2 387 174 11 11 320 278 11 11
samples/negative_unlabelled/n04448361_360.jpg 1 39 37 256 256
samples/negative_unlabelled/n04448361_3650.jpg 1 108 202 49 52
samples/negative_unlabelled/n04448361_3740.jpg 1 380 129 14 12
samples/negative_unlabelled/n04448361_3856.jpg 1 177 5 167 165
samples/negative_unlabelled/n04448361_4016.jpg 1 61 41 225 228
samples/negative_unlabelled/n04448361_4224.jpg 2 51 40 246 248 7 2 331 329
samples/negative_unlabelled/n04448361_4314.jpg 1 24 26 86 83
samples/negative_unlabelled/n04448361_4390.jpg 2 22 17 332 337 397 15 326 337
samples/negative_unlabelled/n04448361_4449.jpg 3 142 20 313 322 326 267 14 14 332 282 16 16
samples/negative_unlabelled/n04448361_4584.jpg 5 198 224 10 10 195 221 16 16 170 139 15 15 173 142 9 9 169 113 15 15
samples/negative_unlabelled/n04448361_485.jpg 1 5 3 239 240
samples/negative_unlabelled/n04448361_5328.jpg 1 5 -5 237 242
samples/negative_unlabelled/n04448361_5383.jpg 2 359 284 5 5 384 351 12 12
samples/negative_unlabelled/n04448361_5424.jpg 2 203 9 187 187 320 23 10 10
samples/negative_unlabelled/n04448361_5710.jpg 1 206 208 18 26
samples/negative_unlabelled/n04448361_5870.jpg 2 37 1 31 31 67 16 30 31
samples/negative_unlabelled/n04448361_6339.jpg 1 101 240 17 17
samples/negative_unlabelled/n04448361_6413.jpg 5 227 228 14 17 249 292 12 12 61 123 7 7 405 298 7 7 342 89 7 7
samples/negative_unlabelled/n04448361_6508.jpg 1 376 1 372 415
samples/negative_unlabelled/n04448361_6935.jpg 1 10 487 10 10
samples/negative_unlabelled/n04448361_7330.jpg 2 202 189 14 14 142 172 6 6
samples/negative_unlabelled/n04448361_7416.jpg 1 47 45 56 56
samples/negative_unlabelled/n04448361_751.jpg 9 262 14 225 225 289 39 171 171 11 14 224 224 37 39 171 171 49 50 148 148 44 45 158 158 41 42 164 164 47 47 153 153 139 149 11 11
samples/negative_unlabelled/n04448361_7570.jpg 2 28 32 185 183 33 36 174 176
samples/negative_unlabelled/n04448361_7734.jpg 1 1 0 93 93
samples/negative_unlabelled/n04448361_7786.jpg 2 4 1 327 328 262 260 10 16
samples/negative_unlabelled/n04448361_8407.jpg 1 4 4 280 273
samples/negative_unlabelled/n04448361_8465.jpg 2 156 167 191 185 168 180 166 162
samples/negative_unlabelled/n04448361_8540.jpg 1 409 174 6 6
samples/negative_unlabelled/n04448361_8791.jpg 1 5 4 152 152
samples/negative_unlabelled/n04448361_8983.jpg 2 13 9 313 315 40 36 261 260
samples/negative_unlabelled/n04448361_9079.jpg 5 307 111 125 125 235 134 9 7 177 122 13 13 232 131 14 13 190 116 12 14
samples/negative_unlabelled/n04448361_9165.jpg 3 8 8 236 236 152 100 10 10 137 142 10 10
samples/negative_unlabelled/n04448361_9230.jpg 1 5 5 173 173
samples/negative_unlabelled/n04448361_9402.jpg 1 128 296 129 130
samples/negative_unlabelled/n04448361_9430.jpg 2 23 24 435 435 96 116 23 23
samples/negative_unlabelled/n04448361_9877.jpg 2 4 3 191 191 35 141 13 13
samples/negative_unlabelled/n04448361_9967.jpg 2 28 144 18 27 86 273 18 10
samples/negative_unlabelled/n11691046_10466.jpg 1 418 130 25 25
samples/negative_unlabelled/n11691046_1108.jpg 1 282 99 9 9
samples/negative_unlabelled/n11691046_11165.jpg 2 486 359 8 8 377 224 22 17
samples/negative_unlabelled/n11691046_11986.jpg 1 165 80 8 8
samples/negative_unlabelled/n11691046_1209.jpg 1 17 28 12 13
samples/negative_unlabelled/n11691046_12778.jpg 1 221 290 17 17
samples/negative_unlabelled/n11691046_13218.jpg 4 6 485 7 8 38 447 11 11 298 326 12 12 378 406 11 11
samples/negative_unlabelled/n11691046_13809.jpg 2 8 89 9 19 170 284 14 13
samples/negative_unlabelled/n11691046_14084.jpg 1 113 429 11 12
samples/negative_unlabelled/n11691046_14396.jpg 1 289 343 9 9
samples/negative_unlabelled/n11691046_15176.jpg 1 84 280 11 14
samples/negative_unlabelled/n11691046_15498.jpg 1 8 18 10 9
samples/negative_unlabelled/n11691046_15689.jpg 3 140 14 7 7 114 26 7 7 30 8 7 7
samples/negative_unlabelled/n11691046_15847.jpg 1 226 199 9 9
samples/negative_unlabelled/n11691046_16069.jpg 8 456 345 8 8 378 366 7 7 355 342 8 8 367 324 7 9 446 328 10 8 404 297 7 7 28 168 8 19 394 57 10 9
samples/negative_unlabelled/n11691046_1685.jpg 4 487 80 10 11 116 149 8 8 229 194 8 8 523 260 6 6
samples/negative_unlabelled/n11691046_1700.jpg 15 244 312 7 11 310 294 11 11 273 282 8 6 279 222 6 6 243 333 5 7 258 366 6 6 5 139 11 11 274 235 5 5 120 53 5 5 90 30 6 6 1 196 11 11 18 366 23 19 180 315 7 7 72 374 16 16 300 368 8 8
samples/negative_unlabelled/n11691046_17149.jpg 2 373 161 10 10 438 313 10 13
samples/negative_unlabelled/n11691046_17234.jpg 1 370 507 13 13
samples/negative_unlabelled/n11691046_17361.jpg 6 1180 1112 10 10 1198 1112 10 10 1238 1112 10 10 1365 1131 10 10 1365 1107 21 20 307 514 39 26
samples/negative_unlabelled/n11691046_17849.jpg 3 525 411 8 8 416 430 9 9 523 409 13 13
samples/negative_unlabelled/n11691046_18302.jpg 18 420 1115 13 8 898 1048 12 26 995 374 14 12 1303 705 9 13 444 566 6 10 1664 884 11 18 1727 1083 5 7 206 320 11 14 129 806 6 6 1425 727 18 9 550 156 9 9 1097 146 9 9 1483 183 12 12 1221 72 12 12 863 398 12 12 1079 84 10 10 1247 106 12 12 1660 199 14 14
samples/negative_unlabelled/n11691046_18517.jpg 1 176 199 11 11
samples/negative_unlabelled/n11691046_18707.jpg 3 179 36 10 10 463 128 10 10 440 98 8 8
samples/negative_unlabelled/n11691046_19862.jpg 1 159 462 12 5
samples/negative_unlabelled/n11691046_20150.jpg 2 4 214 8 8 381 271 26 26
samples/negative_unlabelled/n11691046_20868.jpg 1 31 32 8 8
samples/negative_unlabelled/n11691046_2118.jpg 9 1044 552 12 12 1009 203 15 15 261 66 23 23 507 612 12 12 23 306 21 22 267 203 19 13 1096 398 7 10 296 64 12 12 386 388 8 8
samples/negative_unlabelled/n02675077_1023.jpg 2 300 249 26 17 111 271 9 9
samples/negative_unlabelled/n02675077_1192.jpg 8 225 207 44 44 15 17 468 468 229 213 35 33 192 280 17 17 269 396 14 14 436 331 7 8 304 370 10 10 275 448 7 7
samples/negative_unlabelled/n02675077_133.jpg 3 83 76 181 169 145 125 57 65 268 229 42 42
samples/negative_unlabelled/n02675077_1650.jpg 1 70 11 262 258
samples/negative_unlabelled/n02675077_175.jpg 8 196 373 10 10 108 66 7 7 145 71 7 7 163 294 11 8 188 122 12 10 186 293 10 9 167 70 5 8 110 293 10 9
samples/negative_unlabelled/n02675077_1878.jpg 4 361 83 13 13 120 114 13 12 94 47 13 13 97 50 8 8
samples/negative_unlabelled/n02675077_1978.jpg 3 3 65 53 53 101 82 18 18 102 22 18 18
samples/negative_unlabelled/n02675077_2171.jpg 1 308 293 46 46
samples/negative_unlabelled/n02675077_2407.jpg 1 46 21 222 224
samples/negative_unlabelled/n02675077_2574.jpg 1 39 36 31 31
samples/negative_unlabelled/n02675077_2817.jpg 1 418 103 7 7
samples/negative_unlabelled/n02675077_2988.jpg 4 173 29 25 18 183 39 10 8 363 63 10 10 387 88 8 9
samples/negative_unlabelled/n02675077_3101.jpg 2 176 173 25 26 118 162 9 9
samples/negative_unlabelled/n02675077_3263.jpg 3 10 16 371 373 24 31 343 342 18 26 355 354
samples/negative_unlabelled/n02675077_3408.jpg 3 121 131 327 328 268 279 27 27 376 284 9 13
samples/negative_unlabelled/n02675077_3569.jpg 5 85 79 602 600 364 354 47 47 162 376 13 11 369 356 40 40 511 486 16 14
samples/negative_unlabelled/n02675077_3909.jpg 6 102 112 109 109 111 120 96 96 193 67 8 8 128 63 8 8 150 74 6 6 171 76 6 6
samples/negative_unlabelled/n02675077_4327.jpg 3 335 311 15 15 46 208 5 5 333 309 20 20
samples/negative_unlabelled/n02675077_4399.jpg 6 223 204 19 19 252 250 8 13 314 268 5 5 270 259 15 19 220 369 5 5 158 410 9 9
samples/negative_unlabelled/n02675077_4545.jpg 4 75 30 348 325 230 236 10 7 171 166 12 11 147 288 11 11
samples/negative_unlabelled/n02675077_1668.jpg.pgm 23 59 -40 482 573 167 45 13 13 100 92 15 12 344 94 23 23 50 302 15 22 547 231 21 13 343 88 26 35 96 203 8 8 35 250 16 18 285 440 24 21 254 440 7 7 468 377 23 17 375 23 13 12 217 433 7 7 549 180 8 12 530 310 6 6 314 441 6 6 342 157 12 10 472 381 15 9 115 394 7 7 222 228 5 5 319 452 8 9 122 387 7 7
samples/negative_unlabelled/n02890188_1249.jpg.pgm 19 130 163 8 8 251 317 8 8 323 79 15 15 346 87 8 8 362 112 8 8 319 74 24 24 203 234 12 11 398 118 9 9 161 290 9 9 108 38 15 15 102 214 9 9 106 194 9 9 380 86 9 9 380 106 9 9 394 137 9 9 352 58 9 9 61 162 15 15 355 163 23 23 18 77 9 9
samples/negative_unlabelled/n11691046_9166.jpg 1 446 78 11 16
samples/negative_unlabelled/n11691046_9615.jpg 1 246 459 14 14
samples/negative_unlabelled/n11691046_9790.jpg 1 6 137 8 8
samples/negative_unlabelled/n11692792_1378.jpg 2 390 65 6 6 449 175 16 16
samples/negative_unlabelled/n11692792_1541.jpg 2 153 97 6 6 213 122 11 10
samples/negative_unlabelled/n11692792_2568.jpg 2 589 76 12 12 397 67 16 16
samples/negative_unlabelled/n13873502_17425.jpg 2 36 157 8 8 435 150 13 13
samples/negative_unlabelled/n13873502_18212.jpg 6 118 118 262 262 436 452 16 11 197 170 18 16 100 231 12 12 187 111 10 13 116 312 14 10
samples/negative_unlabelled/n13873502_19119.jpg 2 192 145 14 14 188 142 20 19
samples/negative_unlabelled/n13873502_19330.jpg 2 314 165 38 42 79 505 11 7
samples/negative_unlabelled/n13873502_1954.jpg 2 298 243 9 10 61 122 209 209
samples/negative_unlabelled/n13873502_20015.jpg 2 197 224 91 89 3 4 491 491
samples/negative_unlabelled/n13873502_20508.jpg 1 83 26 139 139
samples/negative_unlabelled/n13873502_20707.jpg 10 146 81 11 9 154 103 7 9 303 294 14 9 187 66 7 7 213 93 5 5 125 59 6 6 43 0 9 9 126 51 6 6 218 87 5 5 65 139 6 6
samples/negative_unlabelled/n13873502_22354.jpg 3 249 263 10 10 270 257 11 11 236 268 11 11
samples/negative_unlabelled/n13873502_2864.jpg 1 257 129 9 9
samples/negative_unlabelled/n13873502_3665.jpg 13 288 174 17 17 289 232 8 8 313 177 12 9 237 199 10 10 301 220 7 7 319 197 7 7 233 239 12 12 257 200 10 10 208 173 13 12 296 197 14 14 221 191 9 9 234 174 13 13 223 213 14 14
samples/negative_unlabelled/n13873502_5366.jpg 3 443 167 7 5 413 171 7 7 400 328 5 5
samples/negative_unlabelled/n13873502_5756.jpg 2 127 348 12 26 335 308 13 6
samples/negative_unlabelled/n13873917_23886.jpg 8 261 225 12 12 428 152 15 10 241 229 12 12 262 204 11 11 243 196 11 11 230 212 11 12 44 56 29 27 92 67 9 9
samples/negative_unlabelled/n13873917_24075.jpg 1 38 28 15 24
samples/negative_unlabelled/n13873917_24316.jpg 11 146 362 4 11 342 307 9 4 186 350 5 8 347 112 6 6 180 356 4 4 187 0 9 9 241 174 12 12 63 387 7 7 331 36 9 6 115 436 5 5 420 448 7 8
samples/negative_unlabelled/n13873917_2443.jpg 2 323 212 82 75 263 1 7 7
samples/negative_unlabelled/n13873917_24740.jpg 7 275 276 61 63 330 248 17 17 284 285 44 44 331 329 16 16 249 251 17 17 326 243 40 43 243 246 42 42
samples/negative_unlabelled/n13873917_24958.jpg 2 277 151 160 157 181 65 9 8
samples/negative_unlabelled/n13873917_2554.jpg 1 15 12 465 474
samples/negative_unlabelled/n13873917_25984.jpg 1 51 56 389 389
samples/negative_unlabelled/n13874073_13927.jpg 1 69 3 363 361
samples/negative_unlabelled/n13874073_8937.jpg 1 217 94 10 9
samples/negative_unlabelled/n13874073_9350.jpg 1 1007 645 6 4
samples/negative_unlabelled/n13875392_2322.jpg 5 571 11 8 8 160 271 8 6 104 472 20 20 310 282 8 16 264 410 5 5
samples/negative_unlabelled/n13875392_25687.jpg 1 110 134 102 82
samples/negative_unlabelled/n13875392_27612.jpg 2 163 212 128 124 116 160 220 220
