samples/negative_unlabelled/n02675077_1037.jpg 36 789 208 17 23 518 402 14 12 794 215 8 8 868 401 35 33 580 1157 43 43 518 415 15 14 807 1345 9 7 763 1344 8 8 619 238 13 15 619 457 11 13 830 1364 8 7 815 1384 8 6 869 1344 9 9 885 1344 8 9 796 1360 16 16 476 399 35 33 642 1339 18 16 780 1379 17 17 874 406 24 22 482 404 24 23 591 1168 22 21 333 336 40 42 971 340 41 41 979 350 25 22 870 1384 8 8 923 204 7 7 342 344 21 25 664 445 7 6 957 470 6 6 676 248 5 5 1154 873 25 15 1311 756 9 12 1282 758 16 20 382 856 25 23 1199 767 13 7 355 862 13 11
samples/negative_unlabelled/n02675077_1220.jpg 3 246 238 13 13 21 15 460 459 221 288 6 6
samples/negative_unlabelled/n02675077_135.jpg 1 448 355 10 11
samples/negative_unlabelled/n02675077_1589.jpg 3 206 209 39 39 23 23 405 405 172 399 11 11
samples/negative_unlabelled/n02675077_1799.jpg 3 44 136 33 26 179 167 8 14 234 42 22 22
samples/negative_unlabelled/n02675077_1880.jpg 24 274 626 9 9 228 646 10 10 286 289 227 223 13 11 775 774 395 615 10 10 274 646 9 9 218 616 10 10 274 636 9 9 187 636 9 9 360 646 9 9 274 657 9 9 207 616 9 9 228 657 10 10 263 657 9 9 456 593 14 17 228 626 10 10 350 656 10 10 294 656 10 10 318 656 10 10 339 656 9 9 329 656 9 9 420 593 15 17 302 543 6 6 291 294 217 216
samples/negative_unlabelled/n02675077_1980.jpg 8 174 176 53 53 157 19 13 12 217 19 7 7 215 17 13 12 101 345 12 13 168 372 8 8 199 371 11 13 165 369 12 12
samples/negative_unlabelled/n02675077_2252.jpg 1 230 203 6 6
samples/negative_unlabelled/n02675077_2423.jpg 3 145 60 14 14 129 25 6 8 37 33 9 6
samples/negative_unlabelled/n02675077_2578.jpg 1 7 4 317 316
samples/negative_unlabelled/n02675077_2705.jpg 1 19 17 13 13
samples/negative_unlabelled/n02675077_2854.jpg 11 268 275 40 41 36 42 503 495 103 220 8 9 49 56 474 475 53 62 466 462 356 340 16 22 426 163 39 36 434 170 22 23 256 339 5 5 279 412 14 14 231 480 11 11
samples/negative_unlabelled/n02675077_3107.jpg 2 31 245 190 190 199 331 12 14
samples/negative_unlabelled/n02675077_327.jpg 1 109 160 180 180
samples/negative_unlabelled/n02675077_3450.jpg 5 129 129 119 119 118 164 9 9 256 191 9 9 181 181 13 13 175 175 26 26
samples/negative_unlabelled/n02675077_3726.jpg 2 27 16 213 213 99 90 64 64
samples/negative_unlabelled/n02675077_3931.jpg 2 13 32 206 206 105 127 21 21
samples/negative_unlabelled/n02675077_4255.jpg 2 60 60 60 60 24 75 9 12
samples/negative_unlabelled/n02675077_4327.jpg 3 335 311 15 15 46 208 5 5 333 309 20 20
samples/negative_unlabelled/n02675077_4399.jpg 6 223 204 19 19 252 250 8 13 314 268 5 5 270 259 15 19 220 369 5 5 158 410 9 9
samples/negative_unlabelled/n02675077_4545.jpg 4 75 30 348 325 230 236 10 7 171 166 12 11 147 288 11 11
samples/negative_unlabelled/n02675077_502.jpg 44 640 398 10 10 464 467 91 91 631 387 11 11 535 586 28 29 582 658 11 11 495 498 28 28 570 663 11 11 371 612 11 11 390 372 11 11 655 420 11 11 423 350 11 11 434 660 11 11 389 631 10 10 642 608 10 10 662 573 11 11 624 627 11 11 508 676 10 10 557 667 11 11 484 675 10 10 486 330 12 12 497 22 7 7 593 652 11 11 676 497 11 11 334 527 12 12 568 504 9 5 496 676 10 10 671 550 10 10 336 541 11 11 633 494 6 6 605 485 17 5 557 403 10 8 269 94 8 8 620 541 7 6 610 540 6 6 239 201 4 4 271 113 5 5 527 964 6 6 191 787 6 7 305 185 5 5 613 222 7 11 484 932 6 6 417 836 6 6 477 860 6 6 434 925 7 8
samples/negative_unlabelled/n02675077_696.jpg 2 90 70 6 12 85 3 9 8
samples/negative_unlabelled/n02675077_922.jpg 2 11 12 375 375 128 129 140 140
samples/negative_unlabelled/n02890188_1043.jpg 8 238 297 28 28 212 215 28 31 282 267 28 28 244 304 17 17 271 223 17 17 295 163 6 6 251 148 6 6 238 156 6 6
samples/negative_unlabelled/n02890188_1092.jpg 7 211 118 89 89 238 148 36 36 320 38 11 11 386 188 10 10 157 55 10 10 265 296 10 10 246 155 22 22
samples/negative_unlabelled/n02890188_1150.jpg 39 80 50 330 330 160 123 173 173 407 266 13 13 148 252 18 18 148 150 17 17 54 130 14 13 417 137 13 14 413 174 12 13 423 281 14 14 76 325 14 13 435 179 13 13 398 139 13 13 400 297 14 14 39 230 13 13 53 271 13 13 157 389 15 15 424 204 12 13 109 353 15 15 46 171 13 13 394 112 14 14 174 373 14 14 413 229 13 13 126 343 14 14 325 148 16 16 391 85 14 14 378 313 14 14 388 330 15 15 373 91 13 13 51 205 13 13 238 302 19 19 360 365 15 15 344 68 13 13 332 367 15 15 359 57 14 14 354 343 15 15 304 369 15 15 202 397 15 15 262 403 15 15 264 406 10 10
samples/negative_unlabelled/n02890188_1184.jpg 9 64 169 26 31 99 271 26 31 66 176 22 19 102 277 22 18 72 345 26 22 251 92 22 24 0 399 20 17 2 163 18 17 54 141 8 13
samples/negative_unlabelled/n02890188_1302.jpg 1 148 117 6 6
samples/negative_unlabelled/n02890188_137.jpg 17 363 112 31 29 340 84 30 28 354 174 30 29 334 227 27 29 143 314 20 12 157 303 20 15 175 323 15 20 65 188 14 15 63 212 15 13 205 328 21 19 74 85 22 31 215 308 24 17 93 245 13 17 119 293 16 17 97 269 15 16 273 303 25 23 238 322 24 19
samples/negative_unlabelled/n02890188_1444.jpg 5 99 182 14 14 457 196 15 15 189 155 14 14 470 139 15 15 72 84 158 158
samples/negative_unlabelled/n02890188_1495.jpg 12 330 241 8 9 154 247 31 32 293 62 6 10 379 305 9 6 376 234 7 8 328 89 9 6 368 199 8 6 367 169 9 6 304 64 10 8 384 259 9 5 333 104 8 9 378 217 7 9
samples/negative_unlabelled/n02890188_1632.jpg 1 118 244 13 5
samples/negative_unlabelled/n02890188_1742.jpg 13 35 219 19 17 190 51 27 27 164 41 16 21 198 89 17 22 165 76 21 19 49 185 31 31 41 194 7 7 69 216 7 7 203 81 5 5 74 181 7 7 216 51 5 5 212 216 7 7 187 183 34 34
samples/negative_unlabelled/n02890188_1771.jpg 1 89 -11 458 465
samples/negative_unlabelled/n02890188_1859.jpg 8 241 239 13 17 367 65 8 6 255 43 10 10 309 36 10 10 325 46 10 9 130 190 10 9 191 278 10 8 182 266 9 9
samples/negative_unlabelled/n02890188_1966.jpg 6 214 121 33 21 292 321 12 9 473 233 10 10 241 318 10 11 423 292 9 12 355 174 10 13
samples/negative_unlabelled/n02890188_2022.jpg 2 181 233 10 12 232 314 9 7
samples/negative_unlabelled/n02890188_2057.jpg 1 335 132 55 29
samples/negative_unlabelled/n02890188_2094.jpg 2 43 308 11 9 61 318 8 8
samples/negative_unlabelled/n02890188_2167.jpg 1 153 150 6 6
samples/negative_unlabelled/n02890188_2210.jpg 19 78 29 7 7 233 43 11 15 220 78 13 14 408 87 15 12 223 62 16 11 239 147 11 16 389 35 12 15 218 98 16 11 123 134 8 8 327 68 7 7 137 192 7 7 257 16 11 16 346 91 7 7 306 121 8 8 359 13 16 11 185 167 7 7 273 7 11 16 375 23 14 12 164 43 8 8
samples/negative_unlabelled/n02890188_2296.jpg 3 30 257 51 53 21 250 66 66 384 307 20 20
samples/negative_unlabelled/n02890188_235.jpg 11 549 324 7 7 237 280 11 11 247 335 11 11 565 256 7 7 511 262 12 12 467 215 12 12 191 365 11 11 114 396 5 5 416 305 11 11 175 293 61 58 479 318 12 12
samples/negative_unlabelled/n02890188_2379.jpg 1 15 77 75 93
samples/negative_unlabelled/n02890188_2494.jpg 3 268 215 11 6 180 319 24 7 564 382 5 5
samples/negative_unlabelled/n02890188_2518.jpg 2 50 31 12 10 90 34 5 7
samples/negative_unlabelled/n02890188_2581.jpg 11 181 212 9 13 129 176 8 8 101 119 9 7 221 189 6 9 94 129 12 6 230 68 7 9 135 168 5 5 247 174 5 8 213 179 6 6 75 0 9 13 188 97 9 9
samples/negative_unlabelled/n02890188_2733.jpg 4 282 86 9 9 190 190 11 11 354 130 7 8 158 73 244 270
samples/negative_unlabelled/n02890188_2761.jpg 24 249 100 6 6 232 96 5 5 237 122 5 5 253 131 6 6 237 83 6 6 220 47 6 6 222 58 6 6 82 190 6 6 81 63 6 6 226 194 6 6 159 29 6 6 183 37 6 6 217 175 6 6 101 217 6 6 203 194 6 6 213 195 6 6 99 205 6 6 142 12 6 6 207 214 6 6 177 25 6 6 135 28 6 6 124 226 5 5 89 44 6 6 148 228 6 6
samples/negative_unlabelled/n02890188_2819.jpg 12 25 130 7 7 12 66 8 10 20 134 5 11 75 95 6 6 33 159 10 5 39 33 11 5 32 167 10 6 64 171 6 6 67 19 10 5 161 132 6 6 164 137 8 7 176 122 10 7
samples/negative_unlabelled/n02890188_2953.jpg 6 187 195 114 113 149 273 25 25 265 321 24 26 313 205 26 26 251 27 11 11 382 75 11 11
samples/negative_unlabelled/n02890188_3039.jpg 6 242 282 10 10 401 364 29 29 426 395 10 10 391 393 10 10 439 363 10 10 407 369 16 17
samples/negative_unlabelled/n02890188_3080.jpg 7 163 189 7 6 173 251 7 7 162 242 7 7 166 137 8 8 409 118 8 7 431 162 7 8 419 164 7 7
samples/negative_unlabelled/n02890188_3213.jpg 3 116 85 10 11 132 57 50 36 300 155 10 11
samples/negative_unlabelled/n02890188_3267.jpg 1 244 305 10 11
samples/negative_unlabelled/n02890188_3329.jpg 1 313 253 8 9
samples/negative_unlabelled/n02890188_3364.jpg 19 229 190 40 40 250 64 17 17 446 158 8 12 202 266 8 8 378 107 8 8 217 278 8 8 126 30 15 15 162 273 12 12 400 196 10 10 98 238 9 9 308 255 8 8 383 269 9 9 396 232 9 9 284 326 9 9 362 280 9 9 249 335 9 9 374 81 9 9 339 306 8 9 317 308 8 9
samples/negative_unlabelled/n02890188_3630.jpg 4 231 184 35 35 333 171 24 24 241 195 17 17 202 193 15 15
samples/negative_unlabelled/n02890188_3711.jpg 3 97 192 17 14 459 236 12 14 415 126 12 12
samples/negative_unlabelled/n02890188_3786.jpg 8 315 182 22 20 351 139 15 17 377 40 12 14 262 246 17 17 312 211 18 18 285 208 15 15 99 308 15 9 264 355 7 7
samples/negative_unlabelled/n02890188_3867.jpg 1 399 171 8 12
samples/negative_unlabelled/n02890188_3925.jpg 4 262 50 8 8 297 254 18 17 361 237 10 10 348 282 9 9
samples/negative_unlabelled/n02890188_3986.jpg 7 58 201 77 77 210 63 76 76 70 63 74 73 39 31 136 138 68 212 56 56 80 73 56 55 220 74 56 56
samples/negative_unlabelled/n02890188_406.jpg 1 32 2 23 22
samples/negative_unlabelled/n02890188_4140.jpg 2 165 167 54 61 338 407 65 59
samples/negative_unlabelled/n02890188_4253.jpg 8 211 146 49 51 204 135 8 8 341 194 5 5 121 176 4 4 129 223 5 5 332 152 4 4 101 188 5 5 229 259 5 5
samples/negative_unlabelled/n02890188_4484.jpg 3 225 122 124 129 313 215 10 12 259 164 59 59
samples/negative_unlabelled/n02890188_4587.jpg 1 302 322 23 19
samples/negative_unlabelled/n02890188_4677.jpg 17 343 235 32 35 362 172 11 10 311 239 17 18 369 298 7 7 397 256 6 6 384 284 7 7 396 268 7 7 403 263 7 7 400 178 6 6 380 148 6 6 379 296 7 7 401 170 6 6 363 130 5 5 356 132 5 5 310 321 7 7 319 324 7 7 274 179 8 8
samples/negative_unlabelled/n02890188_4718.jpg 2 117 74 16 16 30 11 135 152
samples/negative_unlabelled/n02890188_4775.jpg 4 97 237 10 10 110 268 9 9 66 265 10 10 97 282 10 10
samples/negative_unlabelled/n02890188_482.jpg 1 290 279 19 19
samples/negative_unlabelled/n02890188_4883.jpg 21 478 45 18 14 321 283 26 25 426 219 18 25 15 363 16 7 427 309 7 7 53 294 6 6 489 252 6 6 324 364 5 5 395 103 7 7 425 300 6 6 451 69 7 7 476 303 6 6 482 330 8 6 419 115 6 6 406 323 9 7 332 225 6 6 398 113 6 7 474 292 5 5 486 345 5 5 435 56 6 6 375 32 6 6
samples/negative_unlabelled/n02890188_4974.jpg 32 187 203 8 8 68 162 6 6 234 153 6 6 229 138 5 5 232 145 6 6 45 74 24 11 86 155 6 6 74 167 6 6 64 181 6 6 244 165 6 6 267 193 6 6 244 156 6 6 252 178 6 6 261 185 6 6 159 324 7 7 50 203 6 6 49 193 6 6 57 197 6 6 138 324 7 7 249 260 7 7 269 230 6 6 266 219 6 6 46 221 6 6 81 302 7 7 260 226 6 6 57 283 7 7 98 313 7 7 111 312 7 7 49 256 7 7 117 320 7 7 43 248 7 6 53 246 6 7
samples/negative_unlabelled/n02890188_5033.jpg 3 408 259 16 15 423 148 9 9 364 270 8 20
samples/negative_unlabelled/n02890188_5137.jpg 3 247 331 71 94 285 347 19 20 393 282 32 19
samples/negative_unlabelled/n02890188_5183.jpg 4 222 164 9 6 205 132 11 8 222 178 8 7 134 466 7 7
samples/negative_unlabelled/n02890188_5273.jpg 1 97 299 11 11
samples/negative_unlabelled/n02890188_5340.jpg 1 295 209 13 11
samples/negative_unlabelled/n02890188_5378.jpg 19 187 182 8 8 200 222 7 7 197 239 8 8 171 169 7 7 135 304 8 9 93 158 8 8 111 310 8 9 105 159 6 6 41 205 7 7 125 140 6 6 69 174 7 7 63 121 7 7 146 134 6 6 42 194 8 8 32 241 8 8 50 109 6 6 33 214 8 8 49 289 8 8 45 279 8 8
samples/negative_unlabelled/n02890188_5496.jpg 4 220 84 14 6 244 305 5 5 49 202 11 11 471 143 5 5
samples/negative_unlabelled/n02890188_5622.jpg 12 269 263 7 7 186 245 15 16 247 273 8 7 170 278 7 7 139 158 9 9 189 249 8 8 135 172 9 9 162 148 9 9 191 9 58 58 225 292 8 8 124 241 9 9 277 16 18 18
samples/negative_unlabelled/n02890188_5818.jpg 1 213 97 7 7
samples/negative_unlabelled/n02890188_5876.jpg 2 124 263 7 7 132 288 17 14
samples/negative_unlabelled/n02890188_5917.jpg 9 324 236 13 21 288 306 9 9 333 216 18 15 183 198 10 10 182 127 10 10 129 308 15 19 148 145 10 10 148 181 11 11 225 25 16 14
samples/negative_unlabelled/n02890188_6016.jpg 6 183 202 41 42 192 131 41 41 264 117 41 41 307 191 23 21 199 340 8 8 260 345 8 8
samples/negative_unlabelled/n02890188_6088.jpg 3 136 63 128 117 106 19 317 309 305 41 33 31
samples/negative_unlabelled/n02890188_6159.jpg 2 289 76 10 12 237 185 9 12
samples/negative_unlabelled/n02890188_6209.jpg 1 470 223 16 11
samples/negative_unlabelled/n02890188_6249.jpg 9 120 259 13 13 141 147 21 21 217 161 21 22 159 268 19 19 105 214 17 18 339 176 15 19 121 129 51 51 113 125 61 61 296 186 11 11
samples/negative_unlabelled/n02890188_6282.jpg 1 202 263 13 13
samples/negative_unlabelled/n02890188_6369.jpg 3 153 342 11 15 229 414 6 5 204 335 29 21
samples/negative_unlabelled/n02890188_645.jpg 36 517 233 10 11 442 90 9 10 493 95 8 11 467 323 11 12 272 392 12 10 36 289 11 10 482 177 11 9 201 356 12 10 233 375 11 12 53 223 9 10 492 151 9 10 425 337 12 11 68 143 8 11 147 378 12 11 317 402 12 11 95 124 10 8 40 168 10 9 63 -49 446 555 383 343 12 11 496 124 9 10 103 288 9 12 41 254 10 10 163 189 20 30 537 205 11 11 387 28 10 7 411 46 9 9 343 343 12 12 391 93 28 38 152 70 26 39 385 74 13 20 215 45 29 20 298 194 62 47 142 176 59 46 146 180 52 38 152 179 38 41 78 302 11 7
samples/negative_unlabelled/n02890188_6559.jpg 11 175 159 5 5 183 212 5 5 192 220 5 5 191 208 5 5 237 152 20 18 183 160 5 5 170 169 5 5 182 200 6 6 383 173 9 9 340 118 16 16 315 171 13 13
samples/negative_unlabelled/n02890188_6734.jpg 6 113 324 46 47 128 249 40 44 150 186 35 42 205 102 33 29 238 74 29 28 289 32 37 29
samples/negative_unlabelled/n02890188_6920.jpg 2 272 177 59 57 285 189 34 34
samples/negative_unlabelled/n02890188_6997.jpg 4 244 84 219 219 360 204 17 17 343 161 16 16 321 180 16 16
samples/negative_unlabelled/n02890188_7075.jpg 2 302 144 10 8 217 56 120 115
samples/negative_unlabelled/n02890188_7145.jpg 1 236 279 20 20
samples/negative_unlabelled/n02890188_7167.jpg 5 299 153 10 13 354 181 15 12 236 107 13 9 153 194 11 11 88 260 18 18
samples/negative_unlabelled/n02890188_7220.jpg 1 44 296 14 14
samples/negative_unlabelled/n02890188_725.jpg 4 219 151 129 129 230 160 113 112 238 169 98 98 278 210 11 11
samples/negative_unlabelled/n02890188_7288.jpg 1 224 98 5 5
samples/negative_unlabelled/n02890188_7370.jpg 7 447 94 8 8 440 145 11 8 450 112 10 10 430 106 8 8 417 122 8 8 465 337 5 5 469 107 10 10
samples/negative_unlabelled/n02890188_753.jpg 1 168 152 6 6
samples/negative_unlabelled/n02890188_7570.jpg 1 440 257 18 19
samples/negative_unlabelled/n02890188_7693.jpg 3 153 256 5 5 130 123 12 12 101 282 12 12
samples/negative_unlabelled/n02890188_7864.jpg 1 252 327 18 18
samples/negative_unlabelled/n02890188_7974.jpg 1 423 179 8 8
samples/negative_unlabelled/n02890188_8134.jpg 2 252 48 27 25 223 -3 20 24
samples/negative_unlabelled/n02890188_8269.jpg 1 105 133 59 59
samples/negative_unlabelled/n02890188_8405.jpg 5 182 415 20 17 348 429 7 9 176 265 13 10 140 400 10 10 269 194 8 8
samples/negative_unlabelled/n02890188_8545.jpg 2 41 255 7 7 6 176 9 9
samples/negative_unlabelled/n02890188_8657.jpg 2 254 251 8 12 47 23 7 7
samples/negative_unlabelled/n02890188_8725.jpg 2 72 165 5 5 113 395 12 12
samples/negative_unlabelled/n02890188_8780.jpg 2 85 79 82 109 21 2 13 9
samples/negative_unlabelled/n02890188_8954.jpg 1 239 189 9 9
samples/negative_unlabelled/n02890188_9087.jpg 3 310 211 17 8 338 180 13 10 80 162 7 7
samples/negative_unlabelled/n02890188_9156.jpg 6 268 224 13 15 219 175 14 14 190 210 66 80 245 301 12 15 185 296 11 15 169 221 14 12
samples/negative_unlabelled/n02890188_9228.jpg 17 320 113 6 6 257 77 6 6 294 90 6 6 297 123 9 9 336 145 6 6 344 166 6 6 343 214 6 6 339 201 6 6 322 245 6 6 248 254 9 9 293 265 6 6 245 86 7 7 125 146 5 5 237 277 6 6 226 269 6 6 183 253 7 7 188 265 7 7
samples/negative_unlabelled/n02890188_9425.jpg 2 123 52 257 252 238 177 24 24
samples/negative_unlabelled/n02890188_9565.jpg 10 180 126 12 12 237 129 22 22 300 63 7 7 199 179 21 21 311 57 7 7 232 229 19 21 150 61 7 7 133 243 6 6 150 75 7 7 105 238 5 5
samples/negative_unlabelled/n02890188_9650.jpg 7 76 100 11 9 78 89 6 9 148 47 7 9 139 54 9 7 169 62 8 8 106 73 8 8 181 53 7 7
samples/negative_unlabelled/n02890188_9843.jpg 1 186 243 30 38
samples/negative_unlabelled/n02890188_999.jpg 1 397 26 6 6
samples/negative_unlabelled/n03032811_10775.jpg 10 471 1772 17 12 1585 1665 7 7 178 1728 13 17 463 528 21 17 1700 519 20 18 532 360 17 25 1553 1041 7 9 1170 1067 7 7 1525 1371 18 17 2525 291 13 12
samples/negative_unlabelled/n03032811_12955.jpg 9 262 146 10 10 297 148 10 10 243 173 10 10 258 157 51 50 296 208 11 11 47 200 9 7 239 140 89 85 231 122 110 116 219 111 133 140
samples/negative_unlabelled/n03032811_13942.jpg 3 80 702 12 12 75 201 8 9 159 704 6 8
samples/negative_unlabelled/n03032811_15.jpg 1 471 209 27 27
samples/negative_unlabelled/n03032811_17064.jpg 1 401 402 13 16
samples/negative_unlabelled/n03032811_1784.jpg 1 323 4 10 10
samples/negative_unlabelled/n03032811_18261.jpg 2 146 133 51 51 151 57 8 8
samples/negative_unlabelled/n03032811_19200.jpg 1 206 233 19 16
samples/negative_unlabelled/n03032811_19718.jpg 3 206 237 16 15 367 149 14 14 205 160 9 9
samples/negative_unlabelled/n03032811_2024.jpg 1 95 10 6 6
samples/negative_unlabelled/n03032811_20872.jpg 1 464 123 7 7
samples/negative_unlabelled/n03032811_2116.jpg 4 319 318 24 20 41 504 13 8 284 466 7 15 104 572 7 21
samples/negative_unlabelled/n03032811_22704.jpg 1 36 29 113 113
samples/negative_unlabelled/n03032811_23135.jpg 4 401 403 13 15 306 227 13 13 309 230 8 8 302 223 21 20
samples/negative_unlabelled/n03032811_24191.jpg 6 173 564 7 8 240 282 7 7 277 336 7 7 293 280 7 7 202 556 7 7 65 422 19 11
samples/negative_unlabelled/n03032811_24325.jpg 1 407 81 12 13
samples/negative_unlabelled/n03032811_24790.jpg 1 51 413 11 6
samples/negative_unlabelled/n03032811_26512.jpg 3 281 308 19 11 34 143 30 20 74 443 7 7
samples/negative_unlabelled/n03032811_27698.jpg 1 247 149 8 8
samples/negative_unlabelled/n03032811_27849.jpg 1 289 363 9 9
samples/negative_unlabelled/n03032811_29889.jpg 1 245 172 18 18
samples/negative_unlabelled/n03032811_30272.jpg 1 32 215 277 185
samples/negative_unlabelled/n03032811_32487.jpg 2 107 26 271 272 111 29 265 265
samples/negative_unlabelled/n03032811_33345.jpg 5 201 141 15 15 220 169 17 15 283 140 16 14 264 113 11 16 88 161 15 14
samples/negative_unlabelled/n03032811_337.jpg 4 113 156 23 23 166 118 23 23 133 95 23 23 101 119 24 22
samples/negative_unlabelled/n03032811_34419.jpg 2 119 58 266 299 225 181 78 67
samples/negative_unlabelled/n03032811_35521.jpg 5 3 319 9 8 8 361 5 6 406 342 6 6 370 352 4 4 26 315 6 6
samples/negative_unlabelled/n03032811_36024.jpg 1 68 220 6 6
samples/negative_unlabelled/n03032811_36333.jpg 1 269 403 24 23
samples/negative_unlabelled/n03032811_377.jpg 1 112 75 209 225
samples/negative_unlabelled/n03032811_4290.jpg 28 162 252 27 26 134 238 29 23 131 268 20 18 353 241 17 20 294 282 15 23 272 270 21 17 207 282 8 11 252 287 32 22 240 232 14 22 100 232 26 25 136 214 23 27 188 288 16 22 343 255 15 22 236 261 22 31 343 236 10 8 224 220 18 17 158 273 19 30 216 191 12 20 268 210 25 24 115 253 15 21 153 161 16 14 297 185 18 27 220 148 9 18 251 166 16 27 232 131 12 25 165 143 24 15 194 138 24 13 273 146 41 22
samples/negative_unlabelled/n03032811_6039.jpg 1 387 202 123 139
samples/negative_unlabelled/n03032811_6308.jpg 5 7 1 383 383 119 115 167 167 159 160 30 30 218 212 30 30 81 78 236 236
samples/negative_unlabelled/n03032811_7446.jpg 4 139 226 8 10 115 298 10 11 100 240 9 12 182 391 9 9
samples/negative_unlabelled/n03032811_802.jpg 1 164 91 10 10
samples/negative_unlabelled/n03032811_8999.jpg 1 137 166 6 9
samples/negative_unlabelled/n03032811_9562.jpg 2 44 93 6 6 79 150 6 6
samples/negative_unlabelled/n03165955_1326.jpg 1 301 143 25 17
samples/negative_unlabelled/n03189311_8667.jpg 6 101 14 21 20 101 76 19 20 136 22 64 64 26 29 53 53 23 26 59 59 139 26 57 57
samples/negative_unlabelled/n03397947_10252.jpg 1 345 237 7 7
samples/negative_unlabelled/n03397947_10511.jpg 1 119 20 9 9
samples/negative_unlabelled/n03397947_10553.jpg 4 440 110 5 5 294 139 8 8 355 65 6 6 209 133 6 6
samples/negative_unlabelled/n03397947_10603.jpg 1 118 204 67 67
samples/negative_unlabelled/n03397947_10684.jpg 2 440 123 10 10 103 12 9 8
samples/negative_unlabelled/n03397947_10744.jpg 1 64 -1 382 375
samples/negative_unlabelled/n03397947_11647.jpg 2 362 132 12 12 116 40 13 13
samples/negative_unlabelled/n03397947_1192.jpg 1 146 33 6 8
samples/negative_unlabelled/n03397947_132.jpg 3 186 22 23 20 466 38 17 35 219 5 15 17
samples/negative_unlabelled/n03397947_1364.jpg 2 156 65 167 166 174 90 117 99
samples/negative_unlabelled/n03397947_140.jpg 1 351 208 11 11
samples/negative_unlabelled/n03397947_1856.jpg 1 12 71 6 6
samples/negative_unlabelled/n03397947_191.jpg 2 389 57 24 22 169 1 7 7
samples/negative_unlabelled/n03397947_2033.jpg 1 153 32 40 26
samples/negative_unlabelled/n03397947_2159.jpg 7 193 198 6 6 328 199 6 6 490 53 6 6 284 78 5 5 215 6 5 5 443 48 5 5 193 24 7 6
samples/negative_unlabelled/n03397947_2227.jpg 1 159 13 34 34
samples/negative_unlabelled/n03397947_2336.jpg 1 193 455 6 12
samples/negative_unlabelled/n03397947_2489.jpg 2 53 128 9 9 78 123 8 8
samples/negative_unlabelled/n03397947_2517.jpg 2 14 11 88 104 50 45 17 21
samples/negative_unlabelled/n03397947_2610.jpg 1 163 87 94 91
samples/negative_unlabelled/n03397947_286.jpg 1 138 274 8 7
samples/negative_unlabelled/n03397947_2922.jpg 7 83 9 19 23 252 21 8 8 334 18 8 7 231 20 17 23 234 23 11 16 275 57 8 8 474 38 22 19
samples/negative_unlabelled/n03397947_323.jpg 1 141 50 5 5
samples/negative_unlabelled/n03397947_3289.jpg 6 478 68 6 6 146 28 15 15 111 56 19 19 361 25 8 8 297 1 7 7 187 14 12 12
samples/negative_unlabelled/n03397947_3362.jpg 1 106 92 12 12
samples/negative_unlabelled/n03397947_3796.jpg 3 277 108 8 8 34 296 7 7 134 22 8 9
samples/negative_unlabelled/n03397947_3840.jpg 3 449 335 8 8 451 310 7 7 54 108 11 11
samples/negative_unlabelled/n03397947_4137.jpg 1 87 330 11 11
samples/negative_unlabelled/n03397947_4297.jpg 5 244 69 9 9 217 59 7 7 355 114 6 6 341 82 8 8 365 57 7 7
samples/negative_unlabelled/n03397947_4492.jpg 4 437 138 18 28 19 134 9 13 218 8 15 13 479 79 11 15
samples/negative_unlabelled/n03397947_5253.jpg 1 330 414 25 30
samples/negative_unlabelled/n03397947_5390.jpg 1 284 201 17 18
samples/negative_unlabelled/n03397947_548.jpg 2 240 68 5 5 410 61 35 44
samples/negative_unlabelled/n03397947_5904.jpg 2 51 284 11 21 339 35 8 8
samples/negative_unlabelled/n03397947_5984.jpg 2 100 78 7 7 71 75 6 6
samples/negative_unlabelled/n03397947_6194.jpg 1 99 64 7 7
samples/negative_unlabelled/n03397947_6291.jpg 5 32 307 89 59 265 451 6 6 316 466 10 9 44 409 6 6 10 337 7 7
samples/negative_unlabelled/n03397947_6390.jpg 1 303 150 60 71
samples/negative_unlabelled/n03397947_6949.jpg 1 106 241 10 6
samples/negative_unlabelled/n03397947_7195.jpg 5 201 307 9 9 103 97 9 9 126 121 9 9 13 91 9 9 117 97 7 7
samples/negative_unlabelled/n03397947_7251.jpg 1 290 174 22 22
samples/negative_unlabelled/n03397947_7521.jpg 2 453 48 5 5 369 88 7 7
samples/negative_unlabelled/n03397947_7629.jpg 1 227 215 23 23
samples/negative_unlabelled/n03397947_8866.jpg 1 86 294 13 12
samples/negative_unlabelled/n03397947_8934.jpg 2 175 182 7 8 155 157 7 7
samples/negative_unlabelled/n03397947_9282.jpg 4 306 26 10 8 448 124 7 7 296 46 8 8 241 57 6 6
samples/negative_unlabelled/n03397947_9495.jpg 5 89 243 29 22 11 189 23 15 6 239 24 24 424 169 30 30 303 265 16 15
samples/negative_unlabelled/n03397947_9681.jpg 8 307 130 26 26 244 191 27 27 300 62 42 43 179 181 41 41 238 122 41 41 183 64 39 41 366 122 42 42 300 183 42 42
samples/negative_unlabelled/n03954393_10079.jpg 1 3 5 491 490
samples/negative_unlabelled/n03954393_1046.jpg 1 248 312 13 15
samples/negative_unlabelled/n03954393_1153.jpg 2 2 4 116 116 122 4 115 117
samples/negative_unlabelled/n03954393_1317.jpg 3 405 0 396 396 477 167 12 14 487 148 12 12
samples/negative_unlabelled/n03954393_1388.jpg 2 6 7 243 243 438 178 18 18
samples/negative_unlabelled/n03954393_1565.jpg 1 4 4 488 480
samples/negative_unlabelled/n03954393_1752.jpg 1 3 0 295 296
samples/negative_unlabelled/n03954393_2018.jpg 8 37 291 11 13 13 170 157 157 92 311 12 12 190 166 158 158 141 202 13 12 315 196 12 13 96 14 158 158 162 157 14 10
samples/negative_unlabelled/n03954393_2117.jpg 3 207 350 10 15 207 354 9 6 167 349 12 14
samples/negative_unlabelled/n03954393_25.jpg 1 557 105 14 14
samples/negative_unlabelled/n03954393_2569.jpg 1 248 182 6 6
samples/negative_unlabelled/n03954393_2779.jpg 7 285 20 246 247 315 204 10 10 309 197 22 22 427 32 9 9 460 44 6 6 317 74 5 5 78 200 11 10
samples/negative_unlabelled/n03954393_2988.jpg 2 599 337 19 19 654 48 20 20
samples/negative_unlabelled/n03954393_3093.jpg 1 5 6 496 489
samples/negative_unlabelled/n03954393_3218.jpg 1 396 375 35 33
samples/negative_unlabelled/n03954393_3306.jpg 1 6 1 380 381
samples/negative_unlabelled/n03954393_3499.jpg 1 9 6 380 380
samples/negative_unlabelled/n03954393_3573.jpg 2 11 57 180 180 208 57 179 180
samples/negative_unlabelled/n03954393_367.jpg 1 10 11 227 227
samples/negative_unlabelled/n03954393_3791.jpg 1 -1 4 289 289
samples/negative_unlabelled/n03954393_3820.jpg 1 103 110 8 6
samples/negative_unlabelled/n03954393_4043.jpg 1 220 360 4 15
samples/negative_unlabelled/n03954393_4114.jpg 1 4 8 178 178
samples/negative_unlabelled/n03954393_4330.jpg 6 165 493 13 14 265 487 10 10 298 448 11 11 124 443 13 20 280 496 10 10 189 502 5 5
samples/negative_unlabelled/n03954393_4390.jpg 1 68 110 6 6
samples/negative_unlabelled/n03954393_4535.jpg 1 126 180 12 12
samples/negative_unlabelled/n03954393_4693.jpg 3 228 19 5 5 269 104 7 7 225 17 11 11
samples/negative_unlabelled/n03954393_4734.jpg 1 5 5 354 354
samples/negative_unlabelled/n03954393_5053.jpg 1 11 10 475 475
samples/negative_unlabelled/n03954393_5183.jpg 1 228 312 7 5
samples/negative_unlabelled/n03954393_5238.jpg 2 16 23 254 254 114 47 11 11
samples/negative_unlabelled/n03954393_5856.jpg 2 277 5 250 250 10 6 250 251
samples/negative_unlabelled/n03954393_5953.jpg 1 28 55 5 7
samples/negative_unlabelled/n03954393_6044.jpg 1 -1 1 278 278
samples/negative_unlabelled/n03954393_6121.jpg 7 345 84 18 18 399 22 17 18 348 87 11 13 365 222 10 10 401 26 13 11 124 221 6 6 380 221 9 10
samples/negative_unlabelled/n03954393_624.jpg 1 35 44 254 257
samples/negative_unlabelled/n03954393_6327.jpg 1 36 -15 83 133
samples/negative_unlabelled/n03954393_6554.jpg 1 165 109 11 10
samples/negative_unlabelled/n03954393_667.jpg 7 91 174 15 15 94 177 8 10 300 175 11 11 273 71 17 17 288 178 6 6 277 75 10 9 372 126 6 6
samples/negative_unlabelled/n03954393_6824.jpg 1 3 10 290 287
samples/negative_unlabelled/n03954393_6932.jpg 1 21 95 72 72
samples/negative_unlabelled/n03954393_7165.jpg 1 3 2 361 361
samples/negative_unlabelled/n03954393_7277.jpg 2 9 5 82 82 111 4 82 83
samples/negative_unlabelled/n03954393_7528.jpg 1 64 53 144 144
samples/negative_unlabelled/n03954393_772.jpg 2 14 12 197 197 7 7 213 213
samples/negative_unlabelled/n03954393_8076.jpg 4 263 4 234 231 1 3 233 231 370 107 12 14 15 98 12 12
samples/negative_unlabelled/n03954393_8680.jpg 2 128 17 100 100 6 16 103 102
samples/negative_unlabelled/n03954393_8757.jpg 5 139 3 126 126 2 2 127 127 367 4 128 126 268 26 90 90 156 21 91 91
samples/negative_unlabelled/n03954393_9323.jpg 2 93 306 8 8 41 232 13 10
samples/negative_unlabelled/n03954393_9595.jpg 3 187 181 12 12 164 139 16 9 281 167 14 14
samples/negative_unlabelled/n03954393_9670.jpg 2 94 11 301 301 130 44 232 226
samples/negative_unlabelled/n03954393_9743.jpg 1 87 66 143 95
samples/negative_unlabelled/n03954393_9878.jpg 2 370 108 23 25 108 107 28 23
samples/negative_unlabelled/n03954393_9995.jpg 1 268 137 14 14
samples/negative_unlabelled/n04349189_1433.jpg 2 98 246 9 9 144 122 109 106
samples/negative_unlabelled/n04349189_1533.jpg 10 391 55 18 18 302 56 17 18 396 59 9 9 173 43 6 6 273 32 164 164 157 41 6 10 305 62 101 101 306 60 9 9 326 47 9 9 301 58 108 109
samples/negative_unlabelled/n04349189_184.jpg 2 34 73 75 80 133 82 78 76
samples/negative_unlabelled/n04349189_1988.jpg 3 395 19 10 7 21 187 8 8 33 208 7 7
samples/negative_unlabelled/n04349189_2104.jpg 2 3 5 82 82 20 22 44 45
samples/negative_unlabelled/n04349189_2586.jpg 16 291 359 7 7 365 394 55 55 470 359 7 7 288 393 55 55 365 359 7 7 219 401 40 40 321 578 14 14 383 93 141 139 177 63 21 20 510 89 13 13 184 66 8 13 414 73 12 12 237 237 10 12 366 196 13 13 451 589 12 12 165 470 15 12
samples/negative_unlabelled/n04349189_3015.jpg 9 188 40 44 33 95 25 31 39 135 304 39 37 88 285 41 28 316 23 18 19 48 72 25 37 37 227 34 28 128 12 31 40 3 242 35 25
samples/negative_unlabelled/n04349189_3253.jpg 1 12 9 157 160
samples/negative_unlabelled/n04349189_348.jpg 1 251 207 11 11
samples/negative_unlabelled/n04349189_394.jpg 1 121 33 17 17
samples/negative_unlabelled/n04349189_565.jpg 1 30 133 74 71
samples/negative_unlabelled/n04349189_658.jpg 2 68 56 60 73 153 112 87 82
samples/negative_unlabelled/n04349189_741.jpg 1 0 2 72 70
samples/negative_unlabelled/n04349189_824.jpg 1 9 4 277 277
samples/negative_unlabelled/n04349189_934.jpg 1 82 74 38 38
samples/negative_unlabelled/n04448361_10154.jpg 1 1 3 423 423
samples/negative_unlabelled/n04448361_10277.jpg 1 263 112 37 32
samples/negative_unlabelled/n04448361_10435.jpg 1 149 229 6 6
samples/negative_unlabelled/n04448361_10600.jpg 1 286 31 182 180
samples/negative_unlabelled/n04448361_10703.jpg 1 5 1 331 328
samples/negative_unlabelled/n04448361_10844.jpg 2 346 119 117 95 404 157 10 7
samples/negative_unlabelled/n04448361_10922.jpg 1 0 0 496 496
samples/negative_unlabelled/n04448361_1107.jpg 5 17 124 88 88 262 133 88 88 91 37 88 88 151 130 81 81 220 50 57 57
samples/negative_unlabelled/n04448361_11118.jpg 1 20 14 156 157
samples/negative_unlabelled/n04448361_11349.jpg 1 25 5 100 100
samples/negative_unlabelled/n04448361_11730.jpg 3 10 13 187 187 244 43 17 15 293 21 14 14
samples/negative_unlabelled/n04448361_12192.jpg 1 11 4 244 244
samples/negative_unlabelled/n04448361_1225.jpg 1 7 10 74 76
samples/negative_unlabelled/n04448361_12553.jpg 1 95 136 227 226
samples/negative_unlabelled/n04448361_1572.jpg 1 347 117 10 10
samples/negative_unlabelled/n04448361_1738.jpg 2 360 245 16 16 391 113 13 13
samples/negative_unlabelled/n04448361_1829.jpg 3 3 0 331 331 16 15 306 306 258 77 13 5
samples/negative_unlabelled/n04448361_2012.jpg 2 12 14 163 163 186 8 164 162
samples/negative_unlabelled/n04448361_2082.jpg 1 318 146 6 6
samples/negative_unlabelled/n04448361_2196.jpg 1 79 41 173 179
samples/negative_unlabelled/n04448361_2248.jpg 3 180 39 5 5 275 83 6 6 176 46 6 6
samples/negative_unlabelled/n04448361_2378.jpg 1 7 2 278 275
samples/negative_unlabelled/n04448361_2514.jpg 1 -2 1 118 119
samples/negative_unlabelled/n04448361_2699.jpg 3 8 5 97 98 126 2 104 104 139 35 12 11
samples/negative_unlabelled/n04448361_2878.jpg 1 148 310 68 50
samples/negative_unlabelled/n04448361_2998.jpg 1 9 4 277 277
samples/negative_unlabelled/n04448361_3372.jpg 1 3 3 491 491
samples/negative_unlabelled/n04448361_3605.jpg 1 164 155 16 17
samples/negative_unlabelled/n04448361_3654.jpg 2 288 381 13 13 129 147 8 8
samples/negative_unlabelled/n04448361_3803.jpg 2 70 140 11 11 457 96 10 12
samples/negative_unlabelled/n04448361_3893.jpg 1 55 32 419 419
samples/negative_unlabelled/n04448361_4131.jpg 3 141 225 20 20 146 229 11 11 10 0 326 326
samples/negative_unlabelled/n04448361_4315.jpg 1 4 -2 334 333
samples/negative_unlabelled/n04448361_4394.jpg 1 139 88 14 14
samples/negative_unlabelled/n04448361_4460.jpg 1 24 9 194 194
samples/negative_unlabelled/n04448361_4613.jpg 1 1 0 361 359
samples/negative_unlabelled/n04448361_4718.jpg 4 323 218 79 81 137 216 80 83 230 217 82 82 182 277 8 8
samples/negative_unlabelled/n04448361_4785.jpg 2 446 71 12 13 370 19 20 20
samples/negative_unlabelled/n04448361_4889.jpg 2 216 279 10 6 218 290 12 6
samples/negative_unlabelled/n04448361_6037.jpg 1 49 40 248 249
samples/negative_unlabelled/n04448361_6147.jpg 16 334 40 217 217 397 163 21 20 338 44 210 209 106 23 23 24 3 6 293 293 421 148 19 19 49 50 198 199 19 133 18 18 63 235 8 8 45 47 205 205 87 245 6 6 435 19 16 16 224 234 8 8 300 7 291 291 60 232 15 13 111 30 15 9
samples/negative_unlabelled/n04448361_6364.jpg 1 115 257 15 15
samples/negative_unlabelled/n04448361_642.jpg 3 331 82 19 20 333 104 17 17 311 99 17 17
samples/negative_unlabelled/n04448361_6542.jpg 2 10 6 217 217 249 6 216 216
samples/negative_unlabelled/n04448361_6741.jpg 1 92 287 9 9
samples/negative_unlabelled/n04448361_6854.jpg 1 271 15 223 220
samples/negative_unlabelled/n04448361_7103.jpg 9 418 31 28 28 393 223 36 36 429 174 38 38 386 175 40 40 418 300 25 25 393 268 33 33 436 265 36 36 425 145 17 17 392 182 28 27
samples/negative_unlabelled/n04448361_7277.jpg 1 144 159 196 146
samples/negative_unlabelled/n04448361_734.jpg 3 135 198 5 5 79 169 7 7 22 390 12 12
samples/negative_unlabelled/n04448361_7426.jpg 1 11 4 269 269
samples/negative_unlabelled/n04448361_7513.jpg 1 208 53 225 225
samples/negative_unlabelled/n04448361_7603.jpg 1 8 -1 268 268
samples/negative_unlabelled/n04448361_7739.jpg 1 1 2 212 212
samples/negative_unlabelled/n04448361_780.jpg 1 182 82 118 118
samples/negative_unlabelled/n04448361_7952.jpg 2 224 106 22 21 253 36 23 19
samples/negative_unlabelled/n04448361_808.jpg 4 10 25 93 91 11 167 102 99 173 175 115 111 192 -2 111 109
samples/negative_unlabelled/n04448361_827.jpg 4 259 7 232 238 355 107 44 37 3 6 236 236 100 103 44 41
samples/negative_unlabelled/n04448361_8792.jpg 1 21 10 54 49
samples/negative_unlabelled/n04448361_9085.jpg 1 148 350 10 4
samples/negative_unlabelled/n04448361_9173.jpg 4 291 53 20 15 311 69 21 16 342 40 20 13 227 44 20 11
samples/negative_unlabelled/n04448361_9501.jpg 6 4 -1 178 178 29 31 121 121 19 55 13 12 343 69 11 11 113 20 12 13 113 45 9 9
samples/negative_unlabelled/n04448361_9726.jpg 4 71 102 25 23 164 55 10 11 253 97 29 29 10 2 326 326
samples/negative_unlabelled/n11691046_10483.jpg 2 133 165 20 20 125 30 21 14
samples/negative_unlabelled/n11691046_11008.jpg 5 -5 206 19 10 341 254 7 7 27 337 9 9 68 164 14 12 375 1 9 9
samples/negative_unlabelled/n11691046_11082.jpg 1 106 182 10 9
samples/negative_unlabelled/n11691046_11524.jpg 1 481 42 11 15
samples/negative_unlabelled/n11691046_11744.jpg 1 47 65 11 11
samples/negative_unlabelled/n11691046_11993.jpg 2 106 265 12 14 342 300 6 6
samples/negative_unlabelled/n11691046_12251.jpg 1 195 33 15 9
samples/negative_unlabelled/n11691046_12370.jpg 1 -1 286 6 6
samples/negative_unlabelled/n11691046_12884.jpg 2 100 293 19 19 185 310 15 14
samples/negative_unlabelled/n11691046_13076.jpg 1 446 262 5 12
samples/negative_unlabelled/n11691046_13309.jpg 1 20 153 14 14
samples/negative_unlabelled/n11691046_13434.jpg 1 169 162 9 9
samples/negative_unlabelled/n11691046_13708.jpg 3 260 18 6 6 356 80 11 7 277 25 13 15
samples/negative_unlabelled/n11691046_13812.jpg 1 342 349 14 20
samples/negative_unlabelled/n11691046_13865.jpg 1 268 175 8 8
samples/negative_unlabelled/n11691046_14012.jpg 2 436 230 18 18 453 69 14 20
samples/negative_unlabelled/n11691046_14097.jpg 1 433 124 16 22
samples/negative_unlabelled/n11691046_14211.jpg 1 440 199 8 8
samples/negative_unlabelled/n11691046_14409.jpg 2 191 350 19 19 226 445 14 14
samples/negative_unlabelled/n11691046_14606.jpg 4 420 288 6 7 142 282 13 8 405 7 12 18 447 38 10 10
samples/negative_unlabelled/n11691046_14747.jpg 1 335 46 6 6
samples/negative_unlabelled/n11691046_15981.jpg 1 536 61 15 10
samples/negative_unlabelled/n11691046_1607.jpg 1 428 77 8 14
samples/negative_unlabelled/n11691046_17166.jpg 3 343 9 10 10 312 9 10 10 28 5 14 14
samples/negative_unlabelled/n11691046_17363.jpg 4 358 334 6 6 426 384 11 12 548 287 7 7 272 279 10 12
samples/negative_unlabelled/n11691046_17487.jpg 1 256 167 17 8
samples/negative_unlabelled/n11691046_17860.jpg 1 26 20 7 7
samples/negative_unlabelled/n11691046_18313.jpg 3 18 346 17 12 70 46 15 15 223 345 10 14
samples/negative_unlabelled/n11691046_18524.jpg 4 107 326 20 13 57 298 10 6 68 347 9 9 96 411 11 11
samples/negative_unlabelled/n11691046_18613.jpg 2 332 253 14 14 338 238 15 15
samples/negative_unlabelled/n11691046_18826.jpg 4 253 83 5 5 183 70 5 5 391 266 6 6 8 88 8 10
samples/negative_unlabelled/n11691046_20161.jpg 3 0 71 9 9 37 40 7 7 235 154 7 7
samples/negative_unlabelled/n11691046_20382.jpg 2 434 868 11 11 436 871 6 6
samples/negative_unlabelled/n11691046_20578.jpg 7 354 356 8 8 61 650 10 13 351 332 14 14 326 669 23 15 498 672 6 6 594 679 6 6 660 863 16 17
samples/negative_unlabelled/n11691046_20736.jpg 1 145 336 16 11
samples/negative_unlabelled/n11691046_20900.jpg 2 222 83 21 21 96 430 23 23
samples/negative_unlabelled/n11691046_22180.jpg 1 83 228 16 13
samples/negative_unlabelled/n11691046_23516.jpg 2 485 128 7 7 306 234 8 8
samples/negative_unlabelled/n11691046_23818.jpg 1 476 63 7 11
samples/negative_unlabelled/n11691046_24060.jpg 1 361 196 19 33
samples/negative_unlabelled/n11691046_24257.jpg 3 58 8 26 26 100 194 27 24 321 48 34 34
samples/negative_unlabelled/n11691046_2951.jpg 1 231 321 17 14
samples/negative_unlabelled/n11691046_4676.jpg 8 453 565 11 11 237 542 18 14 391 516 29 21 760 158 7 7 332 45 9 9 78 576 16 12 738 12 8 8 147 70 7 7
samples/negative_unlabelled/n11691046_6026.jpg 1 8 268 8 8
samples/negative_unlabelled/n11691046_6223.jpg 4 799 240 8 10 930 1238 7 12 977 1047 8 8 1131 1462 11 15
samples/negative_unlabelled/n11691046_6572.jpg 6 317 57 13 13 392 132 6 6 346 67 7 7 326 1 7 7 342 353 9 7 237 19 7 7
samples/negative_unlabelled/n11691046_6842.jpg 5 26 385 9 12 336 58 8 7 263 207 12 10 459 153 8 8 11 349 12 11
samples/negative_unlabelled/n11692792_1504.jpg 1 576 188 10 10
samples/negative_unlabelled/n11692792_1583.jpg 1 97 152 6 12
samples/negative_unlabelled/n11692792_1832.jpg 2 765 77 8 8 702 421 18 31
samples/negative_unlabelled/n11692792_191.jpg 9 662 59 18 10 1 91 11 13 24 86 14 11 768 298 9 8 4 52 12 12 774 231 9 9 711 222 7 10 567 130 9 9 244 480 7 7
samples/negative_unlabelled/n11692792_2104.jpg 3 593 499 11 11 657 576 10 20 78 456 8 8
samples/negative_unlabelled/n11692792_3052.jpg 1 440 172 8 8
samples/negative_unlabelled/n11692792_3131.jpg 1 414 268 41 34
samples/negative_unlabelled/n11692792_3463.jpg 8 639 712 10 11 590 497 13 12 295 64 14 14 112 241 10 10 726 161 11 11 617 254 9 9 186 178 7 7 516 55 8 8
samples/negative_unlabelled/n11692792_4180.jpg 1 24 228 18 18
samples/negative_unlabelled/n11692792_5032.jpg 5 598 416 10 10 126 251 9 9 380 171 10 10 129 77 14 11 516 252 12 12
samples/negative_unlabelled/n11692792_5380.jpg 4 891 335 15 13 1301 541 18 18 275 459 8 8 41 1203 23 36
samples/negative_unlabelled/n11692792_5509.jpg 1 74 179 21 21
samples/negative_unlabelled/n11692792_5895.jpg 1 285 44 7 7
samples/negative_unlabelled/n11692792_5989.jpg 1 299 32 11 11
samples/negative_unlabelled/n11692792_6149.jpg 1 401 215 7 7
samples/negative_unlabelled/n11692792_6318.jpg 5 234 361 12 12 191 339 13 13 30 204 18 18 147 453 10 10 42 412 13 13
samples/negative_unlabelled/n11692792_6617.jpg 1 349 156 12 12
samples/negative_unlabelled/n11692792_7096.jpg 4 166 35 13 13 56 5 11 11 300 19 11 11 289 7 10 12
samples/negative_unlabelled/n11692792_7309.jpg 4 14 338 7 7 228 32 10 10 160 33 8 8 38 52 8 8
samples/negative_unlabelled/n11692792_939.jpg 1 230 172 13 13
samples/negative_unlabelled/n13007034_10087.jpg 1 487 13 6 5
samples/negative_unlabelled/n13007034_10206.jpg 1 144 202 12 12
samples/negative_unlabelled/n13007034_10920.jpg 4 219 133 8 12 38 126 6 11 113 152 8 8 13 52 5 5
samples/negative_unlabelled/n13007034_11086.jpg 4 1376 96 6 12 14 117 8 8 1242 455 27 29 474 617 8 8
samples/negative_unlabelled/n13007034_11423.jpg 2 180 105 8 6 166 130 15 15
samples/negative_unlabelled/n13007034_1150.jpg 3 66 61 9 9 19 63 9 8 56 9 7 9
samples/negative_unlabelled/n13007034_11657.jpg 1 333 2 10 17
samples/negative_unlabelled/n13007034_11970.jpg 2 170 1064 18 15 274 112 11 11
samples/negative_unlabelled/n13007034_12644.jpg 2 271 51 16 19 426 199 24 19
samples/negative_unlabelled/n13007034_12760.jpg 2 335 233 25 27 251 280 14 14
samples/negative_unlabelled/n13007034_13309.jpg 1 246 318 32 32
samples/negative_unlabelled/n13007034_13643.jpg 2 75 311 12 8 236 305 6 6
samples/negative_unlabelled/n13007034_1425.jpg 1 426 315 12 9
samples/negative_unlabelled/n13007034_14860.jpg 4 45 462 7 7 302 126 5 5 108 103 8 8 34 154 7 7
samples/negative_unlabelled/n13007034_15336.jpg 2 282 612 8 8 979 1176 12 12
samples/negative_unlabelled/n13007034_2452.jpg 2 1684 1727 14 15 621 935 8 8
samples/negative_unlabelled/n13007034_5848.jpg 1 114 155 5 5
samples/negative_unlabelled/n13007034_6442.jpg 2 220 89 23 34 79 102 23 28
samples/negative_unlabelled/n13007034_6987.jpg 1 72 236 12 8
samples/negative_unlabelled/n13007034_7330.jpg 2 375 270 18 20 237 173 10 10
samples/negative_unlabelled/n13007034_7416.jpg 5 291 30 27 38 149 71 19 19 144 48 16 16 345 50 34 34 81 128 17 21
samples/negative_unlabelled/n13007034_7646.jpg 1 127 299 9 9
samples/negative_unlabelled/n13007034_8079.jpg 1 59 147 13 13
samples/negative_unlabelled/n13007034_8380.jpg 1 521 35 7 7
samples/negative_unlabelled/n13873502_10181.jpg 1 371 22 127 127
samples/negative_unlabelled/n13873502_10550.jpg 1 0 0 498 499
samples/negative_unlabelled/n13873502_11494.jpg 2 35 44 418 413 41 48 405 406
samples/negative_unlabelled/n13873502_11820.jpg 1 29 50 6 6
samples/negative_unlabelled/n13873502_12261.jpg 2 207 135 10 10 201 252 17 17
samples/negative_unlabelled/n13873502_12507.jpg 1 118 180 115 115
samples/negative_unlabelled/n13873502_12869.jpg 2 37 59 9 9 6 24 124 127
samples/negative_unlabelled/n13873502_12973.jpg 2 85 66 222 223 122 87 161 161
samples/negative_unlabelled/n13873502_13138.jpg 4 214 238 22 22 206 228 43 43 210 233 32 32 195 212 75 75
samples/negative_unlabelled/n13873502_1332.jpg 3 90 240 36 34 245 154 36 36 94 97 6 6
samples/negative_unlabelled/n13873502_13609.jpg 2 131 43 298 316 262 175 85 56
samples/negative_unlabelled/n13873502_14038.jpg 1 137 297 10 11
samples/negative_unlabelled/n13873502_14138.jpg 9 253 36 24 24 226 129 39 39 206 85 42 35 240 207 37 39 284 199 37 37 126 198 50 50 313 238 33 39 409 64 37 36 346 46 36 40
samples/negative_unlabelled/n13873502_14232.jpg 20 204 483 9 9 171 474 9 9 320 221 7 7 262 155 7 7 417 106 8 8 319 164 6 6 204 302 8 8 90 205 5 5 434 24 7 7 172 229 6 6 327 482 8 8 377 377 6 6 24 65 6 6 483 384 7 7 368 410 6 6 25 82 6 6 221 254 6 6 376 450 8 8 221 385 6 6 294 392 8 8
samples/negative_unlabelled/n13873502_14438.jpg 96 482 134 12 12 405 149 11 11 387 167 11 11 99 212 9 7 425 150 11 11 288 164 8 13 191 187 8 10 462 132 12 12 174 191 8 8 395 57 13 13 265 133 8 11 355 58 12 9 249 221 13 13 381 49 10 12 143 221 8 11 231 226 12 12 319 81 11 11 321 154 13 8 406 168 11 11 345 73 11 11 287 211 12 12 443 169 11 11 405 187 10 10 389 188 7 7 192 58 10 10 115 257 11 11 424 169 11 11 37 232 12 7 154 58 7 10 78 281 12 12 363 8 9 8 370 64 12 12 272 235 12 11 185 49 10 5 410 66 11 11 136 65 9 7 205 41 5 11 118 276 11 11 329 16 8 8 403 205 10 10 420 205 12 10 209 51 10 10 205 97 7 9 254 240 12 12 312 21 9 6 176 65 10 10 480 152 12 12 169 54 9 7 461 169 11 11 441 186 11 12 237 106 10 10 137 273 11 10 158 272 8 7 31 85 12 7 29 165 7 7 391 287 11 9 400 322 11 10 385 74 12 10 336 88 9 11 258 256 11 12 414 270 10 11 370 303 12 9 291 229 10 12 94 49 8 6 423 187 11 11 64 140 6 8 474 186 12 12 141 291 9 11 332 237 11 11 313 241 10 11 396 268 11 11 82 299 12 12 422 304 10 12 457 187 12 10 239 262 13 12 430 270 11 12 275 251 12 11 101 297 11 11 163 319 10 11 245 294 13 12 143 307 9 10 366 319 11 11 254 111 7 9 297 262 12 12 121 295 11 10 454 204 13 10 426 287 10 12 351 319 8 8 68 8 11 8 84 7 13 7 419 252 11 12 441 288 12 11 124 311 9 11 436 306 13 10 447 270 11 12 161 303 9 10
samples/negative_unlabelled/n13873502_1460.jpg 2 291 158 19 19 27 356 9 9
samples/negative_unlabelled/n13873502_14866.jpg 6 204 268 6 6 310 178 12 27 238 291 12 12 219 268 12 12 281 273 11 11 276 233 8 8
samples/negative_unlabelled/n13873502_15476.jpg 1 273 29 58 52
samples/negative_unlabelled/n13873502_15748.jpg 3 337 171 155 155 7 172 154 154 338 6 154 154
samples/negative_unlabelled/n13873502_16183.jpg 8 273 147 11 11 233 22 17 17 86 312 31 31 158 234 13 9 143 346 47 47 215 219 10 10 40 154 13 13 162 352 11 11
samples/negative_unlabelled/n13873502_16523.jpg 6 79 9 27 27 134 35 27 27 147 94 28 28 24 36 27 27 49 142 28 28 110 142 28 28
samples/negative_unlabelled/n13873502_16888.jpg 8 334 87 56 58 389 230 61 61 380 223 76 76 23 241 93 93 176 142 127 127 281 264 82 82 28 95 96 92 262 49 60 60
samples/negative_unlabelled/n13873502_16963.jpg 2 55 321 15 15 312 411 11 14
samples/negative_unlabelled/n13873502_17014.jpg 23 384 286 13 13 844 623 46 45 917 303 11 12 321 307 13 13 329 255 13 13 356 305 7 7 931 306 12 12 832 344 11 11 640 402 55 53 324 310 6 6 1159 486 9 9 1340 649 17 13 1424 207 36 38 1284 760 18 18 1308 730 14 20 1332 679 18 16 537 136 12 11 825 453 35 32 1383 205 6 6 1165 739 10 10 1066 729 15 8 1055 751 12 13 1194 715 10 12
samples/negative_unlabelled/n13873502_17282.jpg 10 169 336 8 8 165 332 16 16 341 125 8 8 382 350 16 16 324 350 16 16 327 354 8 8 386 354 8 8 97 122 16 16 166 121 15 15 169 125 9 9
samples/negative_unlabelled/n13873502_17387.jpg 6 75 329 8 8 60 329 8 8 184 183 111 111 69 320 8 8 85 320 8 8 372 111 12 12
samples/negative_unlabelled/n13873502_17517.jpg 2 51 169 217 217 31 149 263 257
samples/negative_unlabelled/n13873502_17759.jpg 4 219 219 16 16 260 190 15 15 210 245 16 16 276 209 15 15
samples/negative_unlabelled/n13873502_17934.jpg 35 316 101 31 37 375 247 44 41 154 177 44 40 412 4 21 33 130 41 38 29 292 202 47 41 259 108 40 37 307 251 57 67 358 90 53 38 312 260 46 48 19 50 49 41 254 101 49 51 74 40 47 45 85 139 44 34 130 75 51 45 393 124 30 43 184 69 50 44 236 33 29 35 329 16 34 45 106 305 52 52 367 92 35 35 139 77 33 41 231 213 44 46 178 293 50 50 82 43 31 38 76 82 50 50 276 153 39 41 84 86 35 42 91 188 46 40 329 24 32 29 248 276 47 50 431 233 47 39 331 144 43 34 181 40 36 25 232 28 38 45
samples/negative_unlabelled/n13873502_18633.jpg 1 51 51 395 395
samples/negative_unlabelled/n13873502_19295.jpg 54 582 195 28 46 254 135 599 594 573 190 47 56 743 350 17 27 307 323 10 10 420 720 6 6 889 330 6 6 420 729 6 6 890 430 6 6 420 759 6 6 883 26 6 6 888 570 6 6 887 629 6 6 421 32 6 6 420 130 6 6 420 778 6 6 421 816 6 6 889 320 6 6 889 510 6 6 888 610 6 6 420 768 6 6 890 400 6 6 889 530 6 6 420 100 6 6 420 110 6 6 420 140 6 6 887 181 6 6 885 94 6 6 889 490 6 6 885 717 6 6 883 785 6 6 890 390 6 6 889 290 6 6 421 61 6 6 886 142 6 6 889 540 6 6 883 16 6 6 889 420 7 7 887 619 6 6 884 36 6 6 420 80 7 7 886 659 7 7 884 766 6 6 420 90 7 7 420 120 6 6 884 756 6 6 889 460 6 6 884 74 6 6 889 500 6 6 420 739 7 7 889 450 7 7 887 171 6 6 889 310 6 6 889 470 7 6
samples/negative_unlabelled/n13873502_20167.jpg 2 369 366 7 7 401 54 9 11
samples/negative_unlabelled/n13873502_20305.jpg 5 246 94 144 145 41 64 11 13 321 155 6 6 93 97 144 144 204 284 8 13
samples/negative_unlabelled/n13873502_20456.jpg 165 266 254 9 10 160 246 12 8 192 218 10 7 219 282 16 11 386 211 11 9 174 264 10 12 178 241 7 10 315 240 7 10 188 201 9 9 181 215 9 8 379 262 12 10 157 267 11 10 227 269 13 11 63 202 8 9 202 204 7 8 298 226 8 8 310 220 7 10 261 182 10 9 66 239 9 9 128 191 6 8 68 195 6 9 69 186 7 10 295 208 6 6 51 309 15 12 350 189 8 9 32 297 12 10 25 310 12 9 234 239 9 10 323 197 12 8 235 226 8 11 365 260 11 11 167 229 8 8 57 272 12 9 249 220 6 9 36 316 11 15 258 235 9 7 395 261 12 10 151 282 13 13 104 221 12 9 209 217 8 10 50 173 11 7 140 294 11 14 251 309 10 8 48 258 8 12 62 259 10 12 145 306 14 14 353 254 9 9 335 210 10 11 318 219 9 6 223 310 9 11 168 178 10 8 362 213 9 9 48 283 10 9 35 284 10 13 315 202 8 5 221 221 11 9 105 243 8 12 193 226 6 8 333 246 8 10 278 276 9 11 205 285 12 10 217 231 10 10 280 149 7 8 299 173 5 8 370 286 10 13 193 312 9 13 172 186 8 11 295 193 8 6 197 197 9 7 101 209 9 7 104 254 9 8 348 244 8 10 214 254 9 9 26 278 11 9 295 279 11 9 328 164 8 7 124 176 7 10 181 179 10 8 74 214 11 11 284 288 14 11 114 178 7 7 273 185 7 10 303 245 9 12 359 274 14 15 334 272 10 7 155 180 10 7 155 212 6 9 88 247 11 10 189 236 11 8 366 243 11 7 292 257 13 12 236 307 11 8 145 206 8 8 266 286 12 11 128 275 10 9 402 284 13 9 216 294 10 12 145 184 8 9 306 197 8 7 219 242 6 9 179 276 14 12 330 281 12 10 118 298 11 11 311 282 12 9 129 286 12 12 308 295 8 11 379 231 7 9 75 256 10 8 166 277 10 12 320 267 9 12 115 290 7 11 65 211 10 7 98 292 11 9 135 153 7 10 160 185 8 9 322 251 9 10 72 245 11 9 60 220 11 9 306 268 9 13 43 224 14 10 82 233 9 12 112 311 12 13 68 279 9 13 74 228 7 11 394 249 13 9 427 263 10 9 54 231 14 9 339 235 9 9 325 158 7 6 49 242 10 11 203 261 8 7 174 169 8 8 177 234 8 8 262 192 7 7 112 272 12 10 356 223 9 8 354 239 9 8 267 308 9 9 330 144 6 6 217 264 7 9 157 219 9 13 91 282 9 13 157 232 8 7 85 272 12 10 368 185 10 8 99 195 6 6 132 242 11 8 97 265 10 9 198 277 8 9 41 305 12 9 440 314 8 8 474 312 13 13 276 262 8 8 284 211 8 8 349 174 8 7 263 265 9 12 252 257 7 10 136 252 10 10 141 39 8 8 192 210 8 8 145 243 13 9 126 198 9 7 138 50 11 11 101 301 11 13 44 271 9 11
samples/negative_unlabelled/n13873502_21496.jpg 1 149 60 10 11
samples/negative_unlabelled/n13873502_21727.jpg 7 5 249 37 41 77 263 38 38 269 114 13 13 150 354 29 33 248 418 28 29 210 332 27 27 150 134 7 7
samples/negative_unlabelled/n13873502_22112.jpg 1 57 35 242 242
samples/negative_unlabelled/n13873502_2278.jpg 1 300 24 108 114
samples/negative_unlabelled/n13873502_2297.jpg 1 322 213 7 7
samples/negative_unlabelled/n13873502_23293.jpg 4 284 8 7 7 238 93 8 9 304 224 9 9 208 220 8 10
samples/negative_unlabelled/n13873502_23614.jpg 1 133 63 159 159
samples/negative_unlabelled/n13873502_23927.jpg 1 260 457 9 7
samples/negative_unlabelled/n13873502_24889.jpg 4 116 31 273 271 110 24 286 286 228 138 49 49 245 158 19 19
samples/negative_unlabelled/n13873502_2547.jpg 3 166 161 93 59 169 318 89 82 483 300 6 6
samples/negative_unlabelled/n13873502_26490.jpg 20 200 169 5 5 287 188 6 6 247 175 6 8 129 19 6 6 317 158 5 5 97 132 7 7 224 218 5 5 22 47 7 7 283 215 6 7 310 9 6 6 187 208 6 6 194 233 5 5 299 151 6 6 276 203 5 5 83 7 5 5 87 74 9 9 196 132 6 6 65 167 5 5 102 139 6 6 87 181 5 5
samples/negative_unlabelled/n13873502_26912.jpg 10 428 596 39 39 572 341 39 39 427 257 39 39 279 341 39 39 424 679 42 42 430 685 31 31 430 170 31 31 260 605 23 23 424 165 42 42 688 429 31 31
samples/negative_unlabelled/n13873502_27345.jpg 63 377 793 20 17 267 801 10 8 814 572 5 5 819 272 5 5 245 637 5 5 827 414 5 5 595 590 5 5 617 152 5 5 847 398 5 5 74 540 5 5 294 739 6 6 605 659 6 6 781 549 5 5 160 551 5 5 854 264 5 5 831 251 5 5 109 437 5 5 684 38 5 5 862 420 5 5 718 663 5 5 473 44 5 5 564 729 5 5 74 235 5 5 135 415 5 5 805 544 5 5 575 763 5 5 284 713 5 5 136 194 5 5 670 572 5 5 729 250 5 5 758 142 5 5 602 628 6 6 165 632 5 5 655 43 5 5 201 239 5 5 456 99 5 5 327 63 5 5 84 515 5 5 749 364 5 5 786 576 5 5 653 15 5 5 189 546 5 5 54 375 5 5 730 473 6 6 588 742 5 5 649 529 5 5 355 661 5 5 236 181 5 5 140 635 6 6 457 70 5 5 680 231 5 5 268 749 6 6 670 153 5 5 468 672 5 5 693 474 5 5 714 400 5 5 410 243 5 5 452 492 5 5 301 130 27 27 334 586 32 32 682 378 27 27 175 368 33 33 198 458 35 35
samples/negative_unlabelled/n13873502_27566.jpg 2 22 20 254 228 11 12 275 247
samples/negative_unlabelled/n13873502_27868.jpg 2 170 100 464 446 214 150 376 346
samples/negative_unlabelled/n13873502_28399.jpg 2 69 33 5 5 139 33 5 5
samples/negative_unlabelled/n13873502_3232.jpg 4 74 72 8 8 410 352 8 10 116 39 8 8 29 36 8 8
samples/negative_unlabelled/n13873502_3385.jpg 1 159 78 172 171
samples/negative_unlabelled/n13873502_3617.jpg 2 138 166 5 5 125 151 40 40
samples/negative_unlabelled/n13873502_4074.jpg 2 177 125 137 145 142 86 208 210
samples/negative_unlabelled/n13873502_4482.jpg 1 164 57 278 276
samples/negative_unlabelled/n13873502_4688.jpg 7 33 241 95 89 202 328 92 84 202 141 102 98 87 140 100 102 144 37 104 104 25 37 102 102 262 236 88 94
samples/negative_unlabelled/n13873502_5008.jpg 1 99 92 276 343
samples/negative_unlabelled/n13873502_5367.jpg 1 78 38 328 296
samples/negative_unlabelled/n13873502_6533.jpg 13 202 436 18 23 172 27 51 64 79 170 62 74 239 165 77 78 43 111 32 62 160 343 61 68 26 181 47 60 325 32 39 64 154 89 74 66 156 357 41 31 241 84 71 76 168 363 12 15 99 295 32 21
samples/negative_unlabelled/n13873502_731.jpg 27 138 323 5 5 344 187 6 6 312 336 9 5 286 247 5 5 246 273 4 4 212 275 4 4 275 276 4 4 216 300 4 4 306 240 4 4 311 216 4 4 282 222 4 4 292 223 5 5 291 243 4 4 275 285 5 5 245 293 4 4 276 134 4 4 161 153 99 98 301 234 4 4 212 285 4 4 276 256 4 4 266 143 4 4 262 250 4 4 317 201 4 4 217 280 5 5 296 239 4 4 126 183 4 4 219 211 9 9
samples/negative_unlabelled/n13873502_7580.jpg 1 116 259 7 8
samples/negative_unlabelled/n13873502_8182.jpg 2 197 81 14 14 99 14 124 126
samples/negative_unlabelled/n13873502_8233.jpg 3 425 290 7 7 306 74 10 10 368 78 15 13
samples/negative_unlabelled/n13873502_8522.jpg 8 211 74 31 31 263 159 68 68 258 152 81 82 256 150 85 87 247 143 100 101 244 141 105 105 185 48 82 82 233 128 129 129
samples/negative_unlabelled/n13873502_9303.jpg 1 218 199 48 48
samples/negative_unlabelled/n13873502_9797.jpg 2 439 607 16 16 878 432 14 14
samples/negative_unlabelled/n13873502_9873.jpg 3 38 36 421 421 83 397 20 20 399 393 20 20
samples/negative_unlabelled/n13873917_102.jpg 10 7 7 65 68 174 229 65 65 89 4 71 74 4 96 71 68 178 69 60 61 358 163 29 46 437 161 39 50 441 163 29 46 353 161 40 50 88 225 67 65
samples/negative_unlabelled/n13873917_11265.jpg 1 355 220 15 11
samples/negative_unlabelled/n13873917_11591.jpg 23 183 61 12 15 123 12 21 21 179 38 17 17 248 30 13 15 249 75 12 12 157 63 17 17 153 39 19 19 269 30 14 12 220 5 20 20 127 41 19 19 133 65 17 18 306 0 15 17 69 14 26 23 47 48 19 20 52 101 14 12 25 78 17 17 41 16 24 24 79 75 17 12 152 119 10 7 349 60 8 10 11 19 24 25 19 51 20 20 484 43 9 7
samples/negative_unlabelled/n13873917_11762.jpg 1 147 54 227 223
samples/negative_unlabelled/n13873917_12420.jpg 5 245 105 7 4 206 231 11 11 264 102 5 8 -2 36 412 412 159 335 10 10
samples/negative_unlabelled/n13873917_12599.jpg 1 33 103 86 79
samples/negative_unlabelled/n13873917_12812.jpg 2 33 89 8 8 175 2 6 6
samples/negative_unlabelled/n13873917_13193.jpg 5 1187 927 122 162 949 867 217 230 1138 822 7 7 939 864 7 9 1649 496 16 16
samples/negative_unlabelled/n13873917_13393.jpg 2 24 106 305 306 242 335 7 5
samples/negative_unlabelled/n13873917_13580.jpg 3 119 84 268 268 216 183 73 73 51 30 399 399
samples/negative_unlabelled/n13873917_14023.jpg 1 243 266 6 6
samples/negative_unlabelled/n13873917_14441.jpg 1 122 136 236 236
samples/negative_unlabelled/n13873917_14670.jpg 2 164 76 166 166 135 46 224 225
samples/negative_unlabelled/n13873917_15165.jpg 2 348 127 10 10 71 131 12 12
samples/negative_unlabelled/n13873917_15361.jpg 1 55 176 5 5
samples/negative_unlabelled/n13873917_15819.jpg 1 91 204 76 77
samples/negative_unlabelled/n13873917_16045.jpg 4 14 139 7 7 452 309 8 9 263 51 7 7 279 257 10 10
samples/negative_unlabelled/n13873917_17194.jpg 1 282 134 83 84
samples/negative_unlabelled/n13873917_17499.jpg 2 305 113 51 92 372 137 107 71
samples/negative_unlabelled/n13873917_17680.jpg 1 257 173 4 4
samples/negative_unlabelled/n13873917_18630.jpg 8 199 330 24 24 283 130 15 16 83 257 20 19 100 124 21 21 41 220 9 9 227 71 12 12 371 101 14 14 215 55 4 4
samples/negative_unlabelled/n13873917_19227.jpg 1 39 146 18 5
samples/negative_unlabelled/n13873917_19402.jpg 2 439 267 10 10 469 16 7 7
samples/negative_unlabelled/n13873917_19550.jpg 1 302 105 11 11
samples/negative_unlabelled/n13873917_20394.jpg 3 177 153 142 141 169 144 160 161 172 147 153 155
samples/negative_unlabelled/n13873917_21531.jpg 2 48 82 401 398 113 142 276 276
samples/negative_unlabelled/n13873917_21969.jpg 1 257 91 8 8
samples/negative_unlabelled/n13873917_22783.jpg 1 56 56 390 390
samples/negative_unlabelled/n13873917_24173.jpg 1 157 131 188 150
samples/negative_unlabelled/n13873917_24506.jpg 5 106 107 277 279 223 223 43 43 81 82 328 328 163 272 9 8 101 85 8 8
samples/negative_unlabelled/n13873917_2535.jpg 3 84 219 133 133 315 81 82 82 365 206 70 68
samples/negative_unlabelled/n13873917_25598.jpg 4 257 151 12 12 461 156 10 10 221 232 21 21 474 106 6 6
samples/negative_unlabelled/n13873917_271.jpg 5 65 105 24 27 103 65 26 25 70 214 25 25 215 74 5 5 67 116 6 6
samples/negative_unlabelled/n13873917_27261.jpg 5 56 55 471 471 357 314 38 38 344 229 18 16 244 218 15 19 75 322 18 15
samples/negative_unlabelled/n13873917_276.jpg 1 288 409 7 7
samples/negative_unlabelled/n13873917_27888.jpg 2 405 4 7 16 3 324 8 8
samples/negative_unlabelled/n13873917_3577.jpg 2 188 325 6 6 203 324 6 6
samples/negative_unlabelled/n13873917_3724.jpg 2 185 256 6 6 146 82 31 27
samples/negative_unlabelled/n13873917_38.jpg 1 335 223 4 18
samples/negative_unlabelled/n13873917_4077.jpg 1 38 17 257 287
samples/negative_unlabelled/n13873917_437.jpg 1 227 51 7 7
samples/negative_unlabelled/n13873917_451.jpg 4 4 2 490 416 95 177 6 10 302 138 5 5 249 278 6 6
samples/negative_unlabelled/n13873917_4908.jpg 2 282 178 5 5 64 229 6 8
samples/negative_unlabelled/n13873917_5024.jpg 2 324 103 72 72 393 140 73 73
samples/negative_unlabelled/n13873917_5371.jpg 3 437 40 6 6 473 289 6 6 51 383 6 6
samples/negative_unlabelled/n13873917_5837.jpg 13 404 319 6 6 304 332 5 5 261 326 5 5 254 289 5 5 253 171 154 154 267 171 5 5 254 308 5 5 237 283 5 5 297 218 59 59 336 175 18 18 299 222 56 52 316 235 28 26 307 307 8 8
samples/negative_unlabelled/n13873917_6174.jpg 1 20 303 12 12
samples/negative_unlabelled/n13873917_6299.jpg 2 145 370 33 33 60 246 182 181
samples/negative_unlabelled/n13873917_6475.jpg 1 346 127 11 10
samples/negative_unlabelled/n13873917_7194.jpg 7 15 13 126 128 7 7 142 138 103 100 8 8 27 66 11 11 81 120 10 10 29 106 10 10 103 59 8 8
samples/negative_unlabelled/n13873917_730.jpg 1 251 248 13 13
samples/negative_unlabelled/n13873917_7522.jpg 2 256 163 13 7 97 98 7 7
samples/negative_unlabelled/n13873917_7704.jpg 1 238 151 25 25
samples/negative_unlabelled/n13873917_7842.jpg 7 352 279 41 41 335 327 84 84 363 415 36 41 299 363 16 13 718 338 6 6 11 571 10 10 89 170 8 12
samples/negative_unlabelled/n13873917_8270.jpg 2 258 272 47 38 264 279 35 22
samples/negative_unlabelled/n13873917_8715.jpg 2 458 223 12 12 290 285 12 13
samples/negative_unlabelled/n13873917_9090.jpg 3 235 214 46 46 76 62 359 359 250 227 17 17
samples/negative_unlabelled/n13873917_921.jpg 1 229 135 40 40
samples/negative_unlabelled/n13873917_9332.jpg 5 209 190 22 22 247 203 23 23 272 198 8 8 234 210 7 7 249 137 22 22
samples/negative_unlabelled/n13873917_964.jpg 4 54 95 20 13 208 214 79 78 58 65 379 378 213 219 68 68
samples/negative_unlabelled/n13873917_9772.jpg 5 116 210 8 8 363 213 8 8 68 67 357 365 398 381 5 5 253 7 6 6
samples/negative_unlabelled/n13874073_11050.jpg 7 121 54 8 8 153 51 8 8 168 54 9 9 182 59 9 9 192 67 10 10 153 148 6 6 123 160 6 6
samples/negative_unlabelled/n13874073_12433.jpg 1 191 79 6 6
samples/negative_unlabelled/n13874073_12991.jpg 1 232 118 21 21
samples/negative_unlabelled/n13874073_13960.jpg 1 415 137 7 7
samples/negative_unlabelled/n13874073_14392.jpg 1 195 222 12 9
samples/negative_unlabelled/n13874073_14864.jpg 10 788 759 9 9 681 578 8 8 395 751 10 10 127 502 10 10 112 416 10 10 217 703 10 10 274 282 5 5 131 538 6 6 680 314 15 15 389 389 20 20
samples/negative_unlabelled/n13874073_15892.jpg 10 238 65 8 6 295 121 15 15 54 101 14 15 57 41 11 11 235 61 15 14 58 104 6 8 316 125 9 6 23 183 15 15 352 16 12 12 233 138 12 12
samples/negative_unlabelled/n13874073_16701.jpg 1 348 168 9 9
samples/negative_unlabelled/n13874073_17278.jpg 1 62 8 9 12
samples/negative_unlabelled/n13874073_2012.jpg 2 2873 966 14 14 2180 862 10 10
samples/negative_unlabelled/n13874073_3267.jpg 2 112 486 9 9 120 486 9 9
samples/negative_unlabelled/n13874073_3749.jpg 3 205 389 9 11 229 422 11 12 125 92 12 11
samples/negative_unlabelled/n13874073_438.jpg 3 259 181 6 6 159 264 10 8 95 30 320 320
samples/negative_unlabelled/n13874073_4995.jpg 2 322 225 9 9 171 138 9 9
samples/negative_unlabelled/n13874073_5636.jpg 2 10 10 426 426 216 63 7 10
samples/negative_unlabelled/n13874073_5994.jpg 4 323 224 12 11 125 144 8 14 242 296 11 11 301 313 11 9
samples/negative_unlabelled/n13874073_6266.jpg 8 12 221 5 5 267 72 4 4 265 415 4 4 407 140 6 6 334 156 112 112 313 465 4 4 508 343 8 6 427 84 10 10
samples/negative_unlabelled/n13874073_6838.jpg 2 266 147 4 8 251 154 7 8
samples/negative_unlabelled/n13874073_9253.jpg 1 33 24 227 227
samples/negative_unlabelled/n13875392_10035.jpg 6 50 152 13 9 146 291 5 5 74 217 9 9 30 282 10 6 47 260 6 6 27 294 6 6
samples/negative_unlabelled/n13875392_10223.jpg 12 453 266 14 14 447 629 13 17 465 593 17 17 475 248 13 15 450 585 14 14 456 731 14 14 433 263 14 14 445 496 15 15 440 283 15 15 452 464 14 16 448 705 16 16 426 673 15 15
samples/negative_unlabelled/n13875392_11266.jpg 15 3300 847 14 14 3476 878 8 8 3525 1519 13 13 3501 918 11 12 3404 1068 37 37 3439 997 14 14 3216 1031 41 41 3253 942 29 29 3050 1078 41 41 2960 1103 47 49 2989 978 40 40 2158 1301 77 74 3429 1220 54 54 2710 1573 30 26 3536 912 11 11
samples/negative_unlabelled/n13875392_11962.jpg 2 253 419 9 9 173 5 11 12
samples/negative_unlabelled/n13875392_12786.jpg 1 344 185 53 60
samples/negative_unlabelled/n13875392_13108.jpg 2 353 149 99 100 377 175 52 52
samples/negative_unlabelled/n13875392_13692.jpg 1 116 101 45 45
samples/negative_unlabelled/n13875392_14332.jpg 2 157 423 8 15 376 322 12 24
samples/negative_unlabelled/n13875392_14928.jpg 1 472 144 17 17
samples/negative_unlabelled/n13875392_1547.jpg 2 43 220 6 6 30 244 6 6
samples/negative_unlabelled/n13875392_16945.jpg 1 89 74 14 14
samples/negative_unlabelled/n13875392_19207.jpg 1 90 163 10 10
samples/negative_unlabelled/n13875392_19683.jpg 2 119 349 7 7 198 422 12 12
samples/negative_unlabelled/n13875392_20116.jpg 1 134 211 128 121
samples/negative_unlabelled/n13875392_21552.jpg 3 444 135 6 6 160 76 6 7 394 166 6 6
samples/negative_unlabelled/n13875392_23037.jpg 1 359 393 23 12
samples/negative_unlabelled/n13875392_25898.jpg 2 255 134 7 8 259 158 43 44
samples/negative_unlabelled/n13875392_26996.jpg 1 318 487 7 7
samples/negative_unlabelled/n13875392_2739.jpg 14 14 249 9 9 111 147 20 14 46 166 9 9 198 153 5 6 445 134 12 20 488 120 6 6 202 106 10 10 321 68 8 10 331 68 18 13 30 54 21 11 355 128 9 9 470 6 8 11 423 3 9 8 143 10 7 7
samples/negative_unlabelled/n13875392_28049.jpg 3 665 445 69 62 218 685 15 11 239 665 16 14
samples/negative_unlabelled/n13875392_30656.jpg 1 415 135 24 18
samples/negative_unlabelled/n13875392_31409.jpg 3 195 169 45 36 24 190 44 35 89 165 45 33
samples/negative_unlabelled/n13875392_31820.jpg 5 211 300 11 11 213 272 11 11 212 286 11 11 210 314 11 11 226 93 17 18
samples/negative_unlabelled/n13875392_33029.jpg 2 151 381 41 43 137 110 37 37
samples/negative_unlabelled/n13875392_34045.jpg 1 110 94 7 7
samples/negative_unlabelled/n13875392_34937.jpg 1 210 203 29 22
samples/negative_unlabelled/n13875392_35333.jpg 1 182 196 7 7
samples/negative_unlabelled/n13875392_38806.jpg 7 234 145 12 14 191 162 9 12 32 318 15 19 196 289 55 55 351 262 11 11 189 254 11 10 337 305 11 11
samples/negative_unlabelled/n13875392_39699.jpg 2 208 131 7 7 286 111 22 26
samples/negative_unlabelled/n13875392_40862.jpg 11 143 482 10 12 215 484 6 6 386 471 11 11 456 464 12 12 27 480 11 11 67 262 147 160 41 426 11 9 317 420 6 6 351 363 10 10 288 370 5 5 426 226 10 11
samples/negative_unlabelled/n13875392_43804.jpg 4 569 309 6 6 554 306 5 5 564 115 6 6 568 102 6 6
samples/negative_unlabelled/n13875392_48158.jpg 2 390 17 23 30 148 159 8 8
samples/negative_unlabelled/n13875392_5463.jpg 2 239 234 8 7 249 211 8 8
samples/negative_unlabelled/n13875392_57579.jpg 9 10 217 136 135 226 218 130 118 160 65 123 73 130 121 5 5 448 165 9 9 423 125 9 9 463 175 10 10 425 137 10 10 431 245 11 13
samples/negative_unlabelled/n13875392_59398.jpg 7 209 177 10 13 211 180 6 6 346 151 10 10 240 109 12 12 197 130 5 5 277 98 10 10 185 92 10 13
samples/negative_unlabelled/n13875392_59708.jpg 1 289 268 17 17
samples/negative_unlabelled/n13875392_61564.jpg 11 199 190 9 9 318 181 12 14 170 260 9 6 210 402 13 10 148 233 9 9 113 280 9 6 173 225 9 6 95 253 8 8 132 239 8 8 125 241 8 8 145 268 8 8
samples/negative_unlabelled/n13875392_62404.jpg 1 303 64 10 7
samples/negative_unlabelled/n13875392_6594.jpg 1 566 171 6 6
samples/negative_unlabelled/n13875392_68443.jpg 17 115 168 13 11 110 202 16 10 130 211 6 8 291 241 8 16 107 241 8 8 339 270 17 12 74 229 18 12 122 246 13 16 412 221 9 7 373 253 15 15 60 205 8 8 428 255 14 18 304 342 16 16 445 276 19 16 368 338 9 9 295 357 8 9 436 335 19 21
samples/negative_unlabelled/n13875392_69612.jpg 3 98 90 9 9 149 92 9 9 259 63 15 23
samples/negative_unlabelled/n13875392_73095.jpg 2 186 184 13 17 135 285 11 8
samples/negative_unlabelled/n13875392_74057.jpg 4 225 197 5 5 254 152 9 9 244 148 11 11 293 215 6 6
samples/negative_unlabelled/n13875392_810.jpg 1 236 242 32 23
samples/negative_unlabelled/n13875392_8500.jpg 2 60 60 48 55 24 22 53 49
samples/negative_unlabelled/n13875392_9674.jpg 1 375 133 113 100
samples/negative_unlabelled/n13902336_10153.jpg 7 312 155 47 46 333 286 49 46 385 278 42 24 386 230 14 14 330 173 13 13 474 87 14 14 468 82 25 24
samples/negative_unlabelled/n13902336_10488.jpg 3 233 168 7 7 250 183 28 28 143 71 245 240
samples/negative_unlabelled/n13902336_10655.jpg 5 74 18 325 313 204 197 20 18 251 207 19 20 265 160 19 21 279 194 5 5
samples/negative_unlabelled/n13902336_11437.jpg 3 244 78 8 8 263 118 10 10 227 222 9 9
samples/negative_unlabelled/n13902336_12044.jpg 4 145 129 154 154 223 236 7 7 166 147 113 113 153 136 139 137
samples/negative_unlabelled/n13902336_12277.jpg 2 9 176 33 33 207 312 15 15
samples/negative_unlabelled/n13902336_12575.jpg 4 243 159 15 17 137 59 254 270 270 211 15 17 243 148 6 6
samples/negative_unlabelled/n13902336_12716.jpg 1 52 82 6 6
samples/negative_unlabelled/n13902336_13162.jpg 4 147 217 18 22 171 226 21 12 147 172 15 24 158 184 34 35
samples/negative_unlabelled/n13902336_13400.jpg 4 297 189 42 80 213 235 70 56 139 55 47 79 231 154 19 19
samples/negative_unlabelled/n13902336_13642.jpg 6 -2 21 127 141 378 105 11 11 398 112 10 9 7 46 8 8 62 279 10 8 158 275 7 7
samples/negative_unlabelled/n13902336_14618.jpg 5 294 186 10 11 195 205 12 12 225 169 54 47 202 143 14 14 266 131 14 14
samples/negative_unlabelled/n13902336_15014.jpg 9 81 26 333 333 277 162 20 21 261 209 22 21 197 162 21 21 212 208 21 21 237 134 20 21 271 145 6 6 217 145 6 6 199 195 7 7
samples/negative_unlabelled/n13902336_15952.jpg 7 242 288 13 13 274 264 13 13 263 285 38 38 266 288 32 32 307 288 13 13 254 327 13 13 249 320 26 26
samples/negative_unlabelled/n13902336_16227.jpg 2 186 176 24 29 169 136 32 21
samples/negative_unlabelled/n13902336_16482.jpg 24 23 22 453 453 221 220 58 58 226 225 46 46 427 222 8 8 63 212 8 8 220 62 8 8 185 71 8 8 280 65 8 8 428 259 8 8 372 377 8 8 88 342 8 8 289 423 8 8 391 134 8 8 61 249 8 8 214 201 14 14 196 256 14 14 272 202 14 14 241 290 14 14 289 257 14 14 283 252 26 26 235 285 26 26 238 288 21 21 286 255 21 21 211 198 21 21
samples/negative_unlabelled/n13902336_16616.jpg 4 167 85 171 175 299 129 16 19 282 210 21 21 209 115 16 19
samples/negative_unlabelled/n13902336_16971.jpg 6 50 198 10 10 42 213 9 9 52 226 9 9 54 367 19 19 71 364 9 9 451 95 6 6
samples/negative_unlabelled/n13902336_17140.jpg 2 258 201 35 22 275 143 38 47
samples/negative_unlabelled/n13902336_17323.jpg 5 57 155 112 92 12 122 202 161 27 119 168 162 116 20 7 7 477 313 12 14
samples/negative_unlabelled/n13902336_1753.jpg 2 210 170 98 98 317 222 8 9
samples/negative_unlabelled/n13902336_18070.jpg 5 121 34 246 249 219 132 43 43 228 141 26 26 215 175 14 14 251 117 8 8
samples/negative_unlabelled/n13902336_18153.jpg 2 180 178 24 25 243 163 25 28
samples/negative_unlabelled/n13902336_18505.jpg 12 202 237 7 7 280 205 7 7 254 248 7 7 207 165 23 21 193 187 7 7 187 205 20 23 220 239 22 22 216 187 44 47 257 175 22 22 263 178 12 11 270 224 11 11 217 169 11 11
samples/negative_unlabelled/n13902336_18969.jpg 2 100 31 316 316 243 184 34 37
samples/negative_unlabelled/n13902336_19215.jpg 6 193 180 25 25 118 42 276 266 226 214 23 24 265 197 26 25 258 148 27 27 226 172 35 35
samples/negative_unlabelled/n13902336_19482.jpg 2 187 109 42 55 201 231 11 11
samples/negative_unlabelled/n13902336_19779.jpg 2 78 80 6 6 313 24 15 11
samples/negative_unlabelled/n13902336_19875.jpg 1 205 234 65 47
samples/negative_unlabelled/n13902336_2075.jpg 41 283 286 16 15 208 250 14 15 439 296 6 6 130 242 31 28 188 290 16 16 87 297 12 16 169 304 17 16 201 271 15 16 274 266 16 14 147 313 17 17 342 320 16 17 365 320 18 14 120 120 13 13 103 310 16 15 207 230 14 13 298 303 17 17 116 254 8 8 134 277 8 8 75 281 11 16 124 315 16 15 134 229 8 8 334 246 32 29 402 297 16 13 386 311 17 14 370 125 13 14 193 110 14 14 333 279 8 8 343 232 8 8 106 112 14 10 351 130 14 15 138 125 14 14 295 114 14 14 384 117 13 12 284 101 13 13 319 315 17 17 149 77 26 19 370 247 8 8 330 81 26 21 396 104 10 13 145 42 12 12 317 81 7 7
samples/negative_unlabelled/n13902336_21560.jpg 1 35 112 34 34
samples/negative_unlabelled/n13902336_22.jpg 12 293 108 41 41 242 209 39 39 308 221 40 40 232 142 39 39 358 208 23 32 217 188 28 25 280 244 20 31 307 123 12 12 433 45 13 13 319 230 12 11 256 218 11 10 428 40 22 21
samples/negative_unlabelled/n13902336_22151.jpg 1 411 164 14 8
samples/negative_unlabelled/n13902336_22690.jpg 6 61 130 31 31 313 97 21 21 66 137 16 16 480 14 5 5 322 138 11 11 365 68 49 49
samples/negative_unlabelled/n13902336_24093.jpg 1 247 130 175 175
samples/negative_unlabelled/n13902336_24422.jpg 2 190 261 131 131 240 331 10 10
samples/negative_unlabelled/n13902336_24935.jpg 2 104 232 62 62 374 225 59 60
samples/negative_unlabelled/n13902336_25135.jpg 1 237 315 35 28
samples/negative_unlabelled/n13902336_25356.jpg 2 131 202 42 42 337 182 43 43
samples/negative_unlabelled/n13902336_25581.jpg 1 53 64 247 380
samples/negative_unlabelled/n13902336_25898.jpg 4 166 102 158 176 143 95 203 189 194 139 104 105 171 116 151 145
samples/negative_unlabelled/n13902336_26589.jpg 2 56 24 22 18 395 184 20 20
samples/negative_unlabelled/n13902336_26824.jpg 1 147 106 178 220
samples/negative_unlabelled/n13902336_27029.jpg 1 441 318 9 9
samples/negative_unlabelled/n13902336_27245.jpg 5 133 105 144 141 113 92 33 33 220 65 33 33 162 61 33 33 38 8 341 342
samples/negative_unlabelled/n13902336_27472.jpg 2 135 235 154 120 165 261 103 70
samples/negative_unlabelled/n13902336_2774.jpg 7 223 383 40 39 272 334 38 40 207 370 72 62 188 213 9 9 206 222 9 9 117 243 10 10 154 367 7 6
samples/negative_unlabelled/n13902336_27847.jpg 1 416 251 69 63
samples/negative_unlabelled/n13902336_28323.jpg 1 81 417 9 9
samples/negative_unlabelled/n13902336_28558.jpg 2 78 76 247 310 187 195 25 29
samples/negative_unlabelled/n13902336_28795.jpg 3 75 35 297 296 158 191 16 21 211 145 14 14
samples/negative_unlabelled/n13902336_2917.jpg 1 404 125 4 4
samples/negative_unlabelled/n13902336_29391.jpg 1 14 57 27 17
samples/negative_unlabelled/n13902336_29754.jpg 1 201 131 11 11
samples/negative_unlabelled/n13902336_29884.jpg 4 97 171 111 112 447 20 7 7 426 95 6 6 466 171 6 6
samples/negative_unlabelled/n13902336_30125.jpg 4 174 212 109 104 261 60 9 11 11 213 6 8 221 42 13 16
samples/negative_unlabelled/n13902336_30544.jpg 7 99 19 291 293 201 159 21 21 223 151 33 33 255 172 21 22 226 154 28 28 263 178 11 11 429 28 10 19
samples/negative_unlabelled/n13902336_3112.jpg 4 6 161 159 160 75 230 24 24 87 217 12 12 61 229 13 13
samples/negative_unlabelled/n13902336_3129.jpg 1 305 198 17 17
samples/negative_unlabelled/n13902336_32027.jpg 2 113 36 308 308 283 189 20 20
samples/negative_unlabelled/n13902336_32247.jpg 2 170 235 9 13 376 227 9 7
samples/negative_unlabelled/n13902336_32789.jpg 2 291 195 11 4 480 229 6 6
samples/negative_unlabelled/n13902336_33312.jpg 1 621 983 9 9
samples/negative_unlabelled/n13902336_33497.jpg 3 216 116 108 113 250 159 11 10 275 179 10 10
samples/negative_unlabelled/n13902336_3382.jpg 3 26 91 401 401 89 355 18 18 156 47 14 14
samples/negative_unlabelled/n13902336_34028.jpg 1 277 187 11 11
samples/negative_unlabelled/n13902336_34470.jpg 6 257 210 12 12 67 157 22 22 149 109 225 225 155 114 213 213 253 207 18 18 365 60 8 8
samples/negative_unlabelled/n13902336_3497.jpg 2 125 18 279 279 277 176 11 11
samples/negative_unlabelled/n13902336_3513.jpg 2 87 73 299 218 187 179 21 19
samples/negative_unlabelled/n13902336_35667.jpg 2 367 209 15 15 320 230 18 18
samples/negative_unlabelled/n13902336_36032.jpg 1 108 11 268 268
samples/negative_unlabelled/n13902336_36994.jpg 3 378 251 56 56 404 82 17 17 382 255 46 46
samples/negative_unlabelled/n13902336_37260.jpg 3 197 142 14 14 281 164 13 14 436 134 9 10
samples/negative_unlabelled/n13902336_37387.jpg 1 128 169 51 51
samples/negative_unlabelled/n13902336_37547.jpg 2 48 93 177 139 233 443 9 9
samples/negative_unlabelled/n13902336_3815.jpg 1 1 1 96 95
samples/negative_unlabelled/n13902336_3920.jpg 3 453 233 7 8 68 221 9 8 172 84 149 218
samples/negative_unlabelled/n13902336_4084.jpg 3 139 93 277 257 262 212 32 39 231 189 94 87
samples/negative_unlabelled/n13902336_41577.jpg 1 237 148 138 146
samples/negative_unlabelled/n13902336_4343.jpg 7 302 188 7 8 423 187 6 8 284 188 8 8 172 165 8 7 295 162 8 8 53 168 8 8 266 32 6 6
samples/negative_unlabelled/n13902336_4592.jpg 5 59 113 196 197 141 222 7 7 135 197 7 7 153 233 5 5 177 201 7 7
samples/negative_unlabelled/n13902336_4733.jpg 1 236 217 10 11
samples/negative_unlabelled/n13902336_4967.jpg 1 178 423 21 18
samples/negative_unlabelled/n13902336_5120.jpg 5 124 28 281 283 247 154 33 33 272 182 20 20 239 186 20 20 251 131 22 22
samples/negative_unlabelled/n13902336_5286.jpg 4 148 261 10 10 193 287 9 9 204 203 9 8 156 208 9 9
samples/negative_unlabelled/n13902336_5918.jpg 2 63 11 328 328 120 92 192 192
samples/negative_unlabelled/n13902336_6038.jpg 3 141 19 395 425 159 41 363 383 385 238 19 19
samples/negative_unlabelled/n13902336_6283.jpg 2 311 287 14 13 282 279 24 25
samples/negative_unlabelled/n13902336_6460.jpg 3 126 64 238 235 129 65 233 233 234 163 23 23
samples/negative_unlabelled/n13902336_6758.jpg 2 223 205 11 11 194 179 91 94
samples/negative_unlabelled/n13902336_7046.jpg 2 317 207 35 25 365 101 6 6
samples/negative_unlabelled/n13902336_7354.jpg 3 70 19 177 177 131 130 15 12 153 82 13 14
samples/negative_unlabelled/n13902336_740.jpg 1 222 172 68 79
samples/negative_unlabelled/n13902336_7692.jpg 6 205 274 26 26 174 440 10 10 171 437 15 15 268 281 14 14 212 279 14 14 196 225 14 14
samples/negative_unlabelled/n13902336_7961.jpg 2 253 293 37 31 358 188 6 6
samples/negative_unlabelled/n13902336_8320.jpg 1 184 148 100 100
samples/negative_unlabelled/n13902336_8672.jpg 1 463 234 13 13
samples/negative_unlabelled/n13902336_8853.jpg 1 237 213 48 30
samples/negative_unlabelled/n13902336_9044.jpg 5 134 201 9 9 152 173 10 10 114 163 29 29 169 221 6 6 7 318 11 6
samples/negative_unlabelled/n13902336_9471.jpg 1 271 221 11 11
samples/negative_unlabelled/n13902336_9733.jpg 2 139 91 186 159 192 121 74 90
samples/negative_unlabelled/n13902336_9863.jpg 1 97 121 8 10
samples/negative_unlabelled/n13902336_9950.jpg 6 219 206 19 19 207 156 18 18 246 189 19 19 215 172 31 31 239 158 18 18 465 53 8 8
samples/negative_unlabelled/n02675077_1037.jpg 36 789 208 17 23 518 402 14 12 794 215 8 8 868 401 35 33 580 1157 43 43 518 415 15 14 807 1345 9 7 763 1344 8 8 619 238 13 15 619 457 11 13 830 1364 8 7 815 1384 8 6 869 1344 9 9 885 1344 8 9 796 1360 16 16 476 399 35 33 642 1339 18 16 780 1379 17 17 874 406 24 22 482 404 24 23 591 1168 22 21 333 336 40 42 971 340 41 41 979 350 25 22 870 1384 8 8 923 204 7 7 342 344 21 25 664 445 7 6 957 470 6 6 676 248 5 5 1154 873 25 15 1311 756 9 12 1282 758 16 20 382 856 25 23 1199 767 13 7 355 862 13 11
samples/negative_unlabelled/n02675077_1220.jpg 3 246 238 13 13 21 15 460 459 221 288 6 6
samples/negative_unlabelled/n02675077_135.jpg 1 448 355 10 11
samples/negative_unlabelled/n02675077_1589.jpg 3 206 209 39 39 23 23 405 405 172 399 11 11
samples/negative_unlabelled/n02675077_1799.jpg 3 44 136 33 26 179 167 8 14 234 42 22 22
samples/negative_unlabelled/n02675077_1880.jpg 24 274 626 9 9 228 646 10 10 286 289 227 223 13 11 775 774 395 615 10 10 274 646 9 9 218 616 10 10 274 636 9 9 187 636 9 9 360 646 9 9 274 657 9 9 207 616 9 9 228 657 10 10 263 657 9 9 456 593 14 17 228 626 10 10 350 656 10 10 294 656 10 10 318 656 10 10 339 656 9 9 329 656 9 9 420 593 15 17 302 543 6 6 291 294 217 216
samples/negative_unlabelled/n02675077_1980.jpg 8 174 176 53 53 157 19 13 12 217 19 7 7 215 17 13 12 101 345 12 13 168 372 8 8 199 371 11 13 165 369 12 12
samples/negative_unlabelled/n02675077_2252.jpg 1 230 203 6 6
samples/negative_unlabelled/n02675077_2423.jpg 3 145 60 14 14 129 25 6 8 37 33 9 6
samples/negative_unlabelled/n02675077_2578.jpg 1 7 4 317 316
samples/negative_unlabelled/n02675077_2705.jpg 1 19 17 13 13
samples/negative_unlabelled/n02675077_2854.jpg 11 268 275 40 41 36 42 503 495 103 220 8 9 49 56 474 475 53 62 466 462 356 340 16 22 426 163 39 36 434 170 22 23 256 339 5 5 279 412 14 14 231 480 11 11
samples/negative_unlabelled/n02675077_3107.jpg 2 31 245 190 190 199 331 12 14
samples/negative_unlabelled/n02675077_327.jpg 1 109 160 180 180
samples/negative_unlabelled/n02675077_3450.jpg 5 129 129 119 119 118 164 9 9 256 191 9 9 181 181 13 13 175 175 26 26
samples/negative_unlabelled/n02675077_3726.jpg 2 27 16 213 213 99 90 64 64
samples/negative_unlabelled/n02675077_3931.jpg 2 13 32 206 206 105 127 21 21
samples/negative_unlabelled/n02675077_4255.jpg 2 60 60 60 60 24 75 9 12
samples/negative_unlabelled/n02675077_4329.jpg 1 259 144 6 6
samples/negative_unlabelled/n02675077_4401.jpg 1 227 125 49 41
samples/negative_unlabelled/n02675077_4547.jpg 1 187 58 46 46
samples/negative_unlabelled/n02675077_467.jpg 6 219 165 32 25 312 93 8 9 184 248 8 8 246 239 8 8 182 278 8 9 333 352 6 12
samples/negative_unlabelled/n02675077_636.jpg 2 107 109 137 137 170 172 11 11
samples/negative_unlabelled/n02675077_857.jpg 5 610 267 12 12 540 104 7 7 543 128 111 111 209 340 6 6 190 340 6 6
samples/negative_unlabelled/n02675077_944.jpg 3 246 238 13 13 21 15 460 459 221 288 6 6
samples/negative_unlabelled/n02890188_1045.jpg 4 47 42 148 148 216 152 8 8 165 120 13 13 128 63 10 8
samples/negative_unlabelled/n02890188_1185.jpg 5 153 153 29 31 258 287 29 29 288 338 28 26 53 4 32 32 431 387 14 19
samples/negative_unlabelled/n02675077_1023.jpg.pgm 2 300 249 26 17 111 271 9 9
samples/negative_unlabelled/n11691046_6202.jpg 4 248 305 10 20 365 367 12 17 45 482 15 9 486 128 10 10
samples/negative_unlabelled/n13873502_15731.jpg 2 151 296 7 10 484 426 5 5
samples/negative_unlabelled/n13873502_16829.jpg 1 435 25 7 7
samples/negative_unlabelled/n13873502_16933.jpg 8 397 254 8 8 381 243 8 8 123 191 7 7 263 193 7 7 156 90 6 6 377 94 7 7 483 183 8 8 192 86 32 30
samples/negative_unlabelled/n13873502_17212.jpg 2 85 195 91 101 74 41 107 107
samples/negative_unlabelled/n13873502_21643.jpg 15 431 392 11 11 431 431 11 11 431 405 11 11 418 482 11 11 431 482 11 11 431 470 11 11 302 277 11 11 365 474 22 22 292 365 22 22 315 392 11 11 302 341 11 11 367 392 11 11 341 365 22 22 280 316 22 22 251 174 11 11
samples/negative_unlabelled/n13873502_21890.jpg 2 302 213 45 59 378 208 72 56
samples/negative_unlabelled/n13873502_22062.jpg 1 184 405 9 9
samples/negative_unlabelled/n13873502_28065.jpg 22 121 101 34 36 386 84 42 38 34 99 34 38 107 154 33 33 143 252 29 33 56 46 36 40 171 76 36 37 36 155 31 35 115 210 33 30 100 298 31 28 351 28 40 43 180 151 33 34 64 260 33 28 233 73 37 37 191 271 33 28 99 7 38 41 186 206 31 33 238 150 34 34 243 206 35 31 46 210 31 32 316 146 35 37 319 203 32 36
samples/negative_unlabelled/n13873502_4065.jpg 3 440 181 6 6 103 291 23 16 75 294 18 23
samples/negative_unlabelled/n13873502_4154.jpg 1 1364 167 21 13
samples/negative_unlabelled/n13873917_27067.jpg 5 314 183 8 9 463 345 17 21 366 217 7 7 221 204 5 5 489 210 6 6
samples/negative_unlabelled/n13873917_27820.jpg 3 120 248 10 10 196 291 14 14 208 121 59 58
samples/negative_unlabelled/n13873917_3.jpg 2 241 412 22 22 74 220 8 8
samples/negative_unlabelled/n13874073_13428.jpg 1 203 177 11 11
samples/negative_unlabelled/n13874073_1873.jpg 2 261 135 6 6 118 163 5 5
samples/negative_unlabelled/n13874073_4620.jpg 2 277 122 11 11 274 119 16 16
samples/negative_unlabelled/n13874073_7324.jpg 10 330 9 16 11 334 10 8 8 134 25 7 7 187 6 11 11 131 6 16 16 157 54 7 7 124 50 6 6 37 6 22 22 199 1 8 8 222 39 8 8
samples/negative_unlabelled/n13875392_15189.jpg 2 165 166 304 304 27 30 578 579
samples/negative_unlabelled/n13875392_16501.jpg 4 493 220 14 11 264 205 10 10 324 313 15 8 750 214 8 8
samples/negative_unlabelled/n13875392_18058.jpg 2 319 183 10 11 269 258 10 9
samples/negative_unlabelled/n13875392_19841.jpg 1 118 74 452 380
samples/negative_unlabelled/n13875392_20207.jpg 2 135 216 22 23 68 184 9 19
samples/negative_unlabelled/n13875392_20423.jpg 1 132 164 48 39
samples/negative_unlabelled/n13875392_21051.jpg 1 272 207 12 9
samples/negative_unlabelled/n13902336_6751.jpg 11 321 77 12 12 301 66 11 11 115 32 284 284 182 258 11 11 127 42 262 262 231 56 11 11 225 279 11 11 144 201 7 7 204 273 7 7 273 281 11 10 319 264 8 8
samples/negative_unlabelled/n13902336_7041.jpg 4 103 67 285 270 215 187 61 61 467 354 13 14 440 358 10 10
samples/negative_unlabelled/n13902336_7236.jpg 1 204 256 67 40
samples/negative_unlabelled/n13902336_7344.jpg 1 268 333 12 12
samples/negative_unlabelled/n13902336_7578.jpg 1 26 19 59 68
samples/negative_unlabelled/n13902336_7884.jpg 1 143 183 11 5
samples/negative_unlabelled/n13902336_8035.jpg 2 240 170 18 18 199 128 100 100
samples/negative_unlabelled/n13902336_8303.jpg 2 46 266 48 48 176 403 29 25
samples/negative_unlabelled/n13902336_8792.jpg 10 47 456 9 9 516 363 7 7 211 285 14 14 252 202 52 52 336 281 15 15 166 384 7 7 440 148 6 8 158 96 8 8 5 422 6 8 447 308 6 6
samples/negative_unlabelled/n13902336_944.jpg 1 227 179 47 45
samples/negative_unlabelled/n13902336_9670.jpg 1 369 100 32 56
samples/negative_unlabelled/n13902336_9854.jpg 9 209 161 49 49 136 127 30 32 228 256 24 43 222 219 13 13 208 145 13 13 74 32 313 310 254 151 12 12 188 187 13 13 90 43 285 285
samples/negative_unlabelled/n13902336_9946.jpg 5 228 152 7 7 121 64 231 237 218 194 7 7 241 187 16 16 214 191 16 16
samples/negative_unlabelled/n13874073_6010.jpg 2 136 33 6 6 224 58 8 8
samples/negative_unlabelled/n13875392_10050.jpg 1 192 54 52 42
samples/negative_unlabelled/n13875392_10831.jpg 9 339 292 9 9 320 294 10 8 351 269 10 10 404 222 11 11 125 310 11 11 333 170 9 9 432 331 10 10 112 163 10 10 96 332 10 10
