samples/negative_unlabelled/n02675077_1415.jpg 2 6 1 174 176 58 55 65 65
samples/negative_unlabelled/n02675077_1596.jpg 1 30 42 13 13
samples/negative_unlabelled/n02675077_1668.jpg 23 59 -40 482 573 167 45 13 13 100 92 15 12 344 94 23 23 50 302 15 22 547 231 21 13 343 88 26 35 96 203 8 8 35 250 16 18 285 440 24 21 254 440 7 7 468 377 23 17 375 23 13 12 217 433 7 7 549 180 8 12 530 310 6 6 314 441 6 6 342 157 12 10 472 381 15 9 115 394 7 7 222 228 5 5 319 452 8 9 122 387 7 7
samples/negative_unlabelled/n02675077_1888.jpg 1 151 67 9 9
samples/negative_unlabelled/n02675077_1983.jpg 12 223 115 8 17 27 28 487 487 23 584 487 487 219 66 39 39 329 681 6 6 246 810 39 38 216 64 44 44 132 249 31 31 332 125 7 7 215 622 39 39 213 619 44 44 135 256 28 19
samples/negative_unlabelled/n02675077_2272.jpg 4 16 6 269 270 96 121 9 9 184 126 9 9 118 151 9 9
samples/negative_unlabelled/n02675077_2895.jpg 2 286 162 21 19 297 106 22 23
samples/negative_unlabelled/n02675077_3003.jpg 7 238 128 22 22 163 89 8 7 278 167 8 8 140 128 24 24 107 88 8 11 82 111 12 12 85 114 6 6
samples/negative_unlabelled/n02675077_3121.jpg 1 176 134 10 14
samples/negative_unlabelled/n02675077_328.jpg 3 265 247 34 45 358 311 8 9 355 309 13 13
samples/negative_unlabelled/n02675077_3476.jpg 3 9 8 416 416 209 208 18 18 213 179 9 12
samples/negative_unlabelled/n02675077_3598.jpg 1 2 11 250 250
samples/negative_unlabelled/n02675077_3729.jpg 1 74 154 19 29
samples/negative_unlabelled/n02675077_397.jpg 4 58 32 202 202 62 35 195 196 214 64 13 13 51 25 218 218
samples/negative_unlabelled/n02675077_4266.jpg 1 186 176 120 120
samples/negative_unlabelled/n02675077_4329.jpg 1 259 144 6 6
samples/negative_unlabelled/n02675077_4401.jpg 1 227 125 49 41
samples/negative_unlabelled/n02675077_4547.jpg 1 187 58 46 46
samples/negative_unlabelled/n02675077_467.jpg 6 219 165 32 25 312 93 8 9 184 248 8 8 246 239 8 8 182 278 8 9 333 352 6 12
samples/negative_unlabelled/n02675077_636.jpg 2 107 109 137 137 170 172 11 11
samples/negative_unlabelled/n02675077_857.jpg 5 610 267 12 12 540 104 7 7 543 128 111 111 209 340 6 6 190 340 6 6
samples/negative_unlabelled/n02675077_944.jpg 3 246 238 13 13 21 15 460 459 221 288 6 6
samples/negative_unlabelled/n02890188_1045.jpg 4 47 42 148 148 216 152 8 8 165 120 13 13 128 63 10 8
samples/negative_unlabelled/n02890188_1185.jpg 5 153 153 29 31 258 287 29 29 288 338 28 26 53 4 32 32 431 387 14 19
samples/negative_unlabelled/n02890188_1249.jpg 19 130 163 8 8 251 317 8 8 323 79 15 15 346 87 8 8 362 112 8 8 319 74 24 24 203 234 12 11 398 118 9 9 161 290 9 9 108 38 15 15 102 214 9 9 106 194 9 9 380 86 9 9 380 106 9 9 394 137 9 9 352 58 9 9 61 162 15 15 355 163 23 23 18 77 9 9
samples/negative_unlabelled/n02890188_1303.jpg 1 192 245 13 13
samples/negative_unlabelled/n02890188_1372.jpg 5 124 284 8 8 191 26 6 6 332 198 8 8 199 9 6 5 211 183 11 8
samples/negative_unlabelled/n02890188_1458.jpg 6 100 300 47 47 117 133 15 15 54 168 16 16 47 298 14 14 84 196 14 14 155 172 15 15
samples/negative_unlabelled/n02890188_15.jpg 1 39 29 16 22
samples/negative_unlabelled/n02890188_1644.jpg 1 193 76 10 10
samples/negative_unlabelled/n02890188_1743.jpg 2 150 98 9 17 285 47 8 12
samples/negative_unlabelled/n02890188_1791.jpg 1 9 350 6 7
samples/negative_unlabelled/n02890188_1867.jpg 13 209 145 76 76 228 255 22 22 309 162 8 8 189 106 21 21 154 195 21 21 195 110 10 10 167 151 15 15 196 113 6 6 203 41 15 15 133 79 15 15 95 149 15 15 191 134 103 103 101 229 15 16
samples/negative_unlabelled/n02890188_1967.jpg 1 43 126 18 15
samples/negative_unlabelled/n02890188_2059.jpg 1 107 4 158 194
samples/negative_unlabelled/n02890188_2180.jpg 9 358 78 47 50 256 236 9 14 141 197 7 7 297 266 9 9 161 224 7 7 424 50 6 7 128 146 8 7 139 342 7 7 264 215 17 16
samples/negative_unlabelled/n02890188_2242.jpg 19 403 207 7 7 404 199 6 6 164 158 7 7 113 172 7 7 137 169 7 7 95 178 6 6 131 177 6 6 184 146 6 6 112 17 6 6 251 90 6 6 341 220 6 6 128 171 5 5 175 38 6 6 439 155 5 7 54 152 7 7 65 167 7 7 189 45 6 6 420 67 6 6 373 36 6 6
samples/negative_unlabelled/n02890188_2297.jpg 1 118 117 9 9
samples/negative_unlabelled/n02890188_2355.jpg 1 169 183 14 11
samples/negative_unlabelled/n02890188_2380.jpg 8 46 125 311 316 162 271 14 14 173 303 21 21 177 307 14 14 189 239 22 22 158 266 21 21 227 265 14 14 217 304 14 14
samples/negative_unlabelled/n02890188_2461.jpg 1 297 256 76 74
samples/negative_unlabelled/n02890188_2519.jpg 2 238 234 8 8 307 155 9 9
samples/negative_unlabelled/n02890188_2586.jpg 1 428 308 13 9
samples/negative_unlabelled/n02890188_2961.jpg 5 151 378 7 7 109 352 7 7 73 314 7 7 184 192 6 6 95 224 6 6
samples/negative_unlabelled/n02890188_304.jpg 1 25 21 50 52
samples/negative_unlabelled/n02890188_3094.jpg 1 357 124 21 18
samples/negative_unlabelled/n02890188_3272.jpg 2 242 243 19 19 149 265 22 22
samples/negative_unlabelled/n02890188_3332.jpg 2 186 209 10 16 179 168 14 11
samples/negative_unlabelled/n02890188_3370.jpg 1 150 135 10 12
samples/negative_unlabelled/n02890188_3444.jpg 17 327 227 40 40 353 145 27 27 441 126 34 44 404 272 46 40 412 275 26 26 470 3 11 11 443 40 11 11 413 25 11 11 440 21 12 12 437 2 11 11 407 7 11 11 325 48 9 9 383 33 10 10 311 36 9 9 336 16 9 9 364 1 10 10 348 31 9 9
samples/negative_unlabelled/n02890188_3500.jpg 1 69 314 8 8
samples/negative_unlabelled/n02890188_3649.jpg 2 49 154 56 68 28 238 15 7
samples/negative_unlabelled/n02890188_3726.jpg 4 363 176 10 10 351 217 11 11 323 151 10 10 300 216 11 11
samples/negative_unlabelled/n02890188_3789.jpg 4 126 185 9 8 136 145 8 8 293 207 15 15 200 160 12 15
samples/negative_unlabelled/n02890188_3881.jpg 4 273 165 6 6 203 181 19 19 207 185 12 13 243 224 19 19
samples/negative_unlabelled/n02890188_3997.jpg 2 184 84 151 151 209 157 7 7
samples/negative_unlabelled/n02890188_4154.jpg 12 207 319 15 15 142 301 12 12 340 236 12 12 139 298 20 20 282 193 12 12 22 218 11 12 364 317 12 12 160 140 19 19 298 252 12 12 123 345 7 7 391 304 7 7 369 283 7 7
samples/negative_unlabelled/n02890188_4306.jpg 1 72 63 24 31
samples/negative_unlabelled/n02890188_4500.jpg 7 3 55 145 137 43 97 64 44 70 145 10 10 12 112 9 8 107 121 9 9 111 102 8 9 48 142 9 9
samples/negative_unlabelled/n02890188_4620.jpg 7 317 80 53 29 361 36 33 30 314 131 39 39 389 5 35 23 261 178 41 41 255 127 32 32 199 207 40 40
samples/negative_unlabelled/n02890188_4678.jpg 1 385 105 11 19
samples/negative_unlabelled/n02890188_4783.jpg 1 404 72 8 8
samples/negative_unlabelled/n02890188_4825.jpg 7 182 188 7 7 197 397 13 18 94 390 17 15 19 293 19 20 172 400 11 19 120 396 13 18 145 401 14 17
samples/negative_unlabelled/n02890188_490.jpg 5 246 108 8 9 159 172 8 14 136 415 12 6 139 460 7 11 139 445 7 11
samples/negative_unlabelled/n02890188_4982.jpg 1 356 231 5 11
samples/negative_unlabelled/n02890188_5037.jpg 2 78 24 7 7 104 36 7 7
samples/negative_unlabelled/n02890188_514.jpg 3 342 138 7 5 94 193 7 8 233 185 7 7
samples/negative_unlabelled/n02890188_5302.jpg 3 207 140 52 73 351 80 16 17 485 220 11 10
samples/negative_unlabelled/n02890188_5411.jpg 1 435 37 13 14
samples/negative_unlabelled/n02890188_5531.jpg 26 357 174 9 9 350 129 9 9 291 114 24 24 324 89 9 9 314 101 9 9 373 172 9 9 349 267 9 9 313 157 17 17 363 220 9 9 304 235 13 13 256 112 12 12 153 169 24 24 130 156 9 9 272 261 24 24 139 248 9 9 185 140 12 12 167 293 9 9 117 203 9 9 233 263 13 13 134 201 9 9 173 215 13 13 185 249 24 24 188 85 9 9 307 294 10 10 264 318 10 10 215 307 10 10
samples/negative_unlabelled/n02890188_5647.jpg 5 260 292 21 23 177 399 27 27 30 213 24 24 144 240 23 23 109 280 25 25
samples/negative_unlabelled/n02890188_5822.jpg 2 123 88 6 6 307 206 7 7
samples/negative_unlabelled/n02890188_5882.jpg 2 240 202 26 22 198 42 9 9
samples/negative_unlabelled/n02890188_5930.jpg 3 189 159 16 10 56 214 6 6 305 156 9 9
samples/negative_unlabelled/n02890188_6019.jpg 1 115 203 9 9
samples/negative_unlabelled/n02890188_6096.jpg 2 259 483 5 5 289 349 35 30
samples/negative_unlabelled/n02890188_6162.jpg 8 402 197 11 10 480 267 6 6 454 310 6 6 431 320 6 6 278 231 6 6 357 322 7 7 297 274 6 6 229 235 6 6
samples/negative_unlabelled/n02890188_6217.jpg 10 80 44 14 14 122 23 13 14 181 36 14 13 202 26 14 12 229 107 11 10 288 83 11 13 379 175 9 9 246 260 24 18 268 84 10 10 24 226 9 9
samples/negative_unlabelled/n02890188_6255.jpg 5 180 279 18 17 182 228 18 18 184 283 9 9 186 233 9 9 208 260 9 9
samples/negative_unlabelled/n02890188_6292.jpg 4 194 289 4 6 233 285 5 5 186 285 6 6 217 290 6 6
samples/negative_unlabelled/n02890188_6370.jpg 6 192 450 10 5 250 350 13 12 105 429 5 5 246 98 8 10 42 151 6 6 258 295 12 12
samples/negative_unlabelled/n02890188_665.jpg 5 73 84 186 184 257 341 11 11 137 152 9 9 150 154 41 41 179 201 9 9
samples/negative_unlabelled/n02890188_678.jpg 11 276 71 10 10 222 90 10 10 204 99 10 10 314 271 9 10 225 135 18 18 344 83 12 12 143 179 8 8 287 185 11 11 253 281 9 9 197 251 11 11 125 71 7 13
samples/negative_unlabelled/n02890188_6948.jpg 5 278 102 15 11 170 85 8 13 152 103 13 7 97 221 12 7 109 294 13 7
samples/negative_unlabelled/n02890188_70.jpg 4 266 300 13 13 133 170 41 41 193 118 38 46 169 297 6 6
samples/negative_unlabelled/n02890188_7037.jpg 3 388 140 25 25 77 137 27 27 69 226 15 15
samples/negative_unlabelled/n02890188_7076.jpg 1 98 61 11 11
samples/negative_unlabelled/n02890188_7112.jpg 1 33 153 7 7
samples/negative_unlabelled/n02890188_7146.jpg 5 246 148 10 10 205 396 7 7 210 155 12 12 236 294 10 10 276 294 8 8
samples/negative_unlabelled/n02890188_7170.jpg 4 256 135 9 12 160 172 7 7 79 310 7 7 74 249 5 6
samples/negative_unlabelled/n02890188_7223.jpg 2 311 55 5 5 355 282 12 6
samples/negative_unlabelled/n02890188_7255.jpg 3 155 266 14 14 319 308 7 7 358 306 10 10
samples/negative_unlabelled/n02890188_7323.jpg 1 23 467 15 15
samples/negative_unlabelled/n02890188_7378.jpg 2 253 177 17 16 318 25 11 11
samples/negative_unlabelled/n02890188_745.jpg 1 332 141 6 6
samples/negative_unlabelled/n02890188_7530.jpg 3 134 189 41 25 287 139 16 14 58 143 9 9
samples/negative_unlabelled/n02890188_7583.jpg 3 149 80 7 7 416 198 6 6 2 187 9 9
samples/negative_unlabelled/n02890188_7696.jpg 1 180 216 15 15
samples/negative_unlabelled/n02890188_7789.jpg 5 288 244 30 45 338 319 30 36 431 330 36 26 417 273 11 5 433 16 6 6
samples/negative_unlabelled/n02890188_7884.jpg 1 371 134 14 14
samples/negative_unlabelled/n02890188_7985.jpg 5 401 14 8 9 186 153 7 7 261 108 8 7 310 122 6 6 328 163 6 6
samples/negative_unlabelled/n02890188_820.jpg 2 186 342 11 11 90 245 10 10
samples/negative_unlabelled/n02890188_8321.jpg 4 94 267 9 9 190 313 8 15 177 334 12 9 162 345 12 10
samples/negative_unlabelled/n02890188_8423.jpg 26 337 283 7 7 190 297 8 8 201 307 8 7 453 204 7 6 286 283 7 7 449 162 7 7 414 114 6 6 442 217 7 7 424 116 6 6 439 207 7 7 405 253 7 7 419 256 8 7 284 270 7 7 191 204 7 7 66 270 8 7 227 92 6 6 315 87 6 6 323 82 6 6 108 293 8 8 215 92 6 6 125 306 8 8 47 194 7 7 105 110 6 6 174 106 7 9 41 213 7 7 232 248 7 7
samples/negative_unlabelled/n02890188_8550.jpg 2 403 230 31 20 289 235 18 36
samples/negative_unlabelled/n02890188_8658.jpg 8 94 167 26 26 205 210 36 36 280 168 36 36 337 165 27 27 224 147 13 14 138 68 10 10 436 194 9 13 310 237 11 11
samples/negative_unlabelled/n02890188_8783.jpg 1 170 195 12 7
samples/negative_unlabelled/n02890188_887.jpg 11 277 32 17 24 233 170 31 31 219 222 20 20 194 183 20 20 160 53 23 19 120 90 17 24 101 119 24 17 91 146 24 18 373 133 59 58 434 174 25 25 422 117 24 25
samples/negative_unlabelled/n02890188_8974.jpg 3 268 207 16 5 292 90 6 6 276 87 6 6
samples/negative_unlabelled/n02890188_9047.jpg 5 1 290 10 10 193 479 8 8 318 258 7 7 248 133 9 9 25 281 9 9
samples/negative_unlabelled/n02890188_9088.jpg 1 237 216 42 42
samples/negative_unlabelled/n02890188_9160.jpg 1 486 137 10 16
samples/negative_unlabelled/n02890188_9426.jpg 7 192 197 11 13 265 87 16 17 153 145 8 4 199 230 11 10 383 119 13 17 217 288 9 9 267 260 9 9
samples/negative_unlabelled/n02890188_958.jpg 18 317 414 12 12 100 326 10 12 40 284 12 10 272 401 12 12 48 251 10 11 526 267 11 10 138 390 10 13 485 359 10 12 38 165 9 10 551 241 10 11 82 195 9 11 63 221 8 12 512 209 10 11 524 184 10 10 234 383 12 10 350 372 12 11 361 34 33 22 167 53 14 21
samples/negative_unlabelled/n02890188_9658.jpg 2 230 218 5 5 242 221 5 5
samples/negative_unlabelled/n02890188_9928.jpg 2 220 158 67 73 239 234 17 17
samples/negative_unlabelled/n03032811_1091.jpg 1 135 131 14 13
samples/negative_unlabelled/n03032811_11841.jpg 6 423 103 47 50 548 107 11 11 503 66 11 11 394 67 10 11 444 40 12 17 419 211 8 14
samples/negative_unlabelled/n03032811_12582.jpg 2 360 169 16 16 149 157 13 18
samples/negative_unlabelled/n03032811_12997.jpg 1 124 237 5 5
samples/negative_unlabelled/n03032811_14504.jpg 3 12 11 172 173 22 22 150 151 42 94 6 6
samples/negative_unlabelled/n03032811_15434.jpg 2 163 29 95 74 186 148 9 7
samples/negative_unlabelled/n03032811_19770.jpg 1 59 7 194 195
samples/negative_unlabelled/n03032811_20270.jpg 3 82 92 321 320 101 111 283 284 227 237 32 32
samples/negative_unlabelled/n03032811_21448.jpg 2 204 153 17 14 207 154 9 11
samples/negative_unlabelled/n03032811_22361.jpg 2 30 23 144 144 70 98 6 6
samples/negative_unlabelled/n03032811_23190.jpg 4 183 13 13 13 278 37 12 12 409 73 5 5 392 162 57 57
samples/negative_unlabelled/n03032811_24688.jpg 1 39 361 7 7
samples/negative_unlabelled/n03032811_24793.jpg 25 322 186 10 15 154 188 13 13 251 106 11 12 272 273 11 16 174 221 15 12 157 228 15 12 320 260 15 12 306 248 13 14 174 150 10 14 161 169 13 13 321 209 15 10 146 162 10 14 300 173 10 15 292 235 11 15 183 264 16 11 188 160 10 15 339 211 16 10 316 167 11 14 195 250 16 11 300 221 12 14 213 142 13 11 316 230 15 12 304 151 12 12 291 160 10 14 173 204 10 16
samples/negative_unlabelled/n03032811_25261.jpg 1 226 162 53 53
samples/negative_unlabelled/n03032811_2626.jpg 2 191 180 122 124 122 117 261 261
samples/negative_unlabelled/n03032811_26815.jpg 1 189 248 7 7
samples/negative_unlabelled/n03032811_27711.jpg 6 211 176 8 8 194 295 37 24 142 234 31 21 279 236 14 12 144 227 27 35 200 294 24 28
samples/negative_unlabelled/n03032811_29101.jpg 1 337 22 6 6
samples/negative_unlabelled/n03032811_29723.jpg 3 135 61 56 75 78 166 6 7 138 137 5 5
samples/negative_unlabelled/n03032811_30274.jpg 1 217 163 57 57
samples/negative_unlabelled/n03032811_30660.jpg 4 58 79 9 9 54 117 7 7 27 44 8 8 63 194 8 8
samples/negative_unlabelled/n03032811_31321.jpg 1 113 166 6 6
samples/negative_unlabelled/n03032811_31703.jpg 1 238 154 21 24
samples/negative_unlabelled/n03032811_32171.jpg 2 173 170 6 6 184 172 6 6
samples/negative_unlabelled/n03032811_32513.jpg 1 486 238 10 10
samples/negative_unlabelled/n03032811_33091.jpg 1 260 191 13 13
samples/negative_unlabelled/n03032811_33429.jpg 1 232 187 26 26
samples/negative_unlabelled/n03032811_34769.jpg 1 323 147 13 14
samples/negative_unlabelled/n03032811_35224.jpg 2 211 216 43 44 442 129 6 6
samples/negative_unlabelled/n03032811_36130.jpg 8 101 151 33 43 136 121 108 96 113 165 16 14 229 289 6 6 417 128 7 7 405 143 7 7 313 22 7 7 404 100 7 7
samples/negative_unlabelled/n03032811_36416.jpg 1 36 459 13 14
samples/negative_unlabelled/n03032811_3817.jpg 1 41 24 29 23
samples/negative_unlabelled/n03032811_5105.jpg 13 1853 557 16 16 1631 276 15 15 1805 481 21 21 1960 995 16 16 1759 1585 16 16 1955 1085 16 16 1855 1431 17 17 1361 1887 19 19 1595 1749 19 19 1922 1263 17 17 1278 1920 13 13 1100 1955 13 13 915 1952 19 19
samples/negative_unlabelled/n03032811_583.jpg 14 337 86 86 84 248 388 79 79 155 31 88 88 25 165 82 85 254 33 88 87 139 162 214 214 290 58 10 10 378 356 12 10 191 431 10 10 280 425 9 9 19 346 6 6 351 372 20 17 353 55 10 8 347 369 27 24
samples/negative_unlabelled/n03032811_6059.jpg 5 157 201 14 14 229 151 9 9 192 271 7 7 191 171 11 11 275 223 8 8
samples/negative_unlabelled/n03032811_6377.jpg 2 190 426 10 9 153 382 9 8
samples/negative_unlabelled/n03032811_6775.jpg 7 337 133 21 16 194 119 16 18 125 168 22 17 145 145 15 22 117 214 18 23 303 278 6 6 150 229 6 6
samples/negative_unlabelled/n03032811_8097.jpg 1 120 -75 647 822
samples/negative_unlabelled/n03206602_1358.jpg 46 136 306 7 7 137 298 7 7 422 281 7 7 135 314 7 7 169 313 7 7 109 315 7 7 69 290 7 7 363 283 7 7 43 290 8 7 9 37 9 7 97 282 7 7 39 323 8 8 98 274 8 8 14 321 8 8 152 75 8 6 127 306 7 7 52 290 7 8 63 282 8 8 78 290 7 7 15 314 7 7 412 305 7 7 65 323 7 7 414 272 8 8 48 323 7 7 142 321 7 7 0 296 8 7 143 83 8 8 378 299 7 7 380 266 8 7 148 289 7 7 397 265 8 8 59 307 8 8 72 273 8 8 388 265 8 8 91 265 7 8 396 282 7 7 49 257 8 8 381 257 7 8 64 274 8 8 15 255 8 8 170 306 7 7 440 225 8 8 95 232 8 8 179 297 7 7 44 232 8 8 97 216 8 8
samples/negative_unlabelled/n03397947_10052.jpg 5 325 195 12 11 153 229 16 19 157 230 10 16 240 251 11 19 261 258 6 6
samples/negative_unlabelled/n03397947_10754.jpg 1 325 156 8 8
samples/negative_unlabelled/n03397947_10798.jpg 1 138 67 10 10
samples/negative_unlabelled/n03397947_10914.jpg 1 475 55 12 14
samples/negative_unlabelled/n03397947_11061.jpg 1 279 23 7 7
samples/negative_unlabelled/n03397947_11170.jpg 8 197 121 9 9 32 188 11 11 297 82 9 9 305 64 13 15 207 133 8 9 3 71 8 8 208 89 9 9 274 52 7 7
samples/negative_unlabelled/n03397947_11529.jpg 1 81 16 11 11
samples/negative_unlabelled/n03397947_1157.jpg 2 89 8 8 8 106 26 6 6
samples/negative_unlabelled/n03397947_1373.jpg 1 318 11 10 11
samples/negative_unlabelled/n03397947_1410.jpg 1 154 95 6 6
samples/negative_unlabelled/n03397947_1976.jpg 2 52 117 67 41 400 28 35 29
samples/negative_unlabelled/n03397947_2170.jpg 1 153 54 6 6
samples/negative_unlabelled/n03397947_2239.jpg 1 166 81 12 12
samples/negative_unlabelled/n03397947_2415.jpg 5 102 173 21 22 106 175 14 17 98 33 12 14 180 32 14 13 178 29 16 19
samples/negative_unlabelled/n03397947_2460.jpg 1 258 74 8 8
samples/negative_unlabelled/n03397947_2520.jpg 1 435 69 9 8
samples/negative_unlabelled/n03397947_2668.jpg 5 271 61 9 12 217 62 8 8 12 4 8 8 56 70 11 12 463 85 10 10
samples/negative_unlabelled/n03397947_2863.jpg 1 341 90 11 11
samples/negative_unlabelled/n03397947_2934.jpg 1 146 118 15 21
samples/negative_unlabelled/n03397947_4016.jpg 1 225 53 7 7
samples/negative_unlabelled/n03397947_4396.jpg 1 140 53 232 236
samples/negative_unlabelled/n03397947_4548.jpg 2 218 77 17 18 325 166 13 13
samples/negative_unlabelled/n03397947_5484.jpg 17 17 297 8 8 171 11 7 7 266 11 10 10 223 130 10 10 68 312 9 9 209 185 11 11 293 13 8 8 39 52 8 11 149 335 8 8 297 154 9 9 89 297 8 8 468 242 8 8 313 297 9 9 143 68 7 10 166 333 8 8 468 172 8 8 480 87 9 9
samples/negative_unlabelled/n03397947_5766.jpg 1 459 4 8 8
samples/negative_unlabelled/n03397947_5905.jpg 4 58 4 366 366 237 223 18 18 240 227 12 9 210 246 6 6
samples/negative_unlabelled/n03397947_5988.jpg 2 361 89 63 50 422 86 58 56
samples/negative_unlabelled/n03397947_6204.jpg 1 2 197 7 7
samples/negative_unlabelled/n03397947_6395.jpg 1 166 484 5 5
samples/negative_unlabelled/n03397947_6792.jpg 1 385 241 21 21
samples/negative_unlabelled/n03397947_710.jpg 1 467 129 9 9
samples/negative_unlabelled/n03397947_721.jpg 1 278 202 18 15
samples/negative_unlabelled/n03397947_7256.jpg 3 147 416 7 7 285 425 10 10 272 429 10 10
samples/negative_unlabelled/n03397947_7357.jpg 1 174 4 7 6
samples/negative_unlabelled/n03397947_7534.jpg 1 22 212 7 7
samples/negative_unlabelled/n03397947_7886.jpg 1 295 272 5 5
samples/negative_unlabelled/n03397947_8065.jpg 3 209 163 39 37 218 172 20 19 215 169 27 25
samples/negative_unlabelled/n03397947_8259.jpg 3 247 270 9 9 287 314 13 20 289 320 10 10
samples/negative_unlabelled/n03397947_8727.jpg 1 171 82 22 22
samples/negative_unlabelled/n03397947_8830.jpg 1 304 166 17 15
samples/negative_unlabelled/n03397947_9156.jpg 2 121 277 9 9 108 64 10 10
samples/negative_unlabelled/n03397947_9231.jpg 5 235 71 18 23 116 82 10 10 348 79 9 9 388 53 8 8 88 83 9 9
samples/negative_unlabelled/n03397947_9300.jpg 5 191 279 7 7 263 281 7 7 286 275 7 7 173 73 6 6 281 247 6 6
samples/negative_unlabelled/n03397947_9356.jpg 1 94 206 43 36
samples/negative_unlabelled/n03397947_9496.jpg 1 121 14 16 16
samples/negative_unlabelled/n03954393_10098.jpg 1 73 -7 378 378
samples/negative_unlabelled/n03954393_118.jpg 3 378 304 9 9 519 162 15 7 451 242 12 7
samples/negative_unlabelled/n03954393_1329.jpg 2 177 298 11 11 243 39 11 11
samples/negative_unlabelled/n03954393_1395.jpg 1 11 17 252 252
samples/negative_unlabelled/n03954393_1689.jpg 2 11 10 312 312 94 56 10 10
samples/negative_unlabelled/n03954393_1774.jpg 1 10 9 259 260
samples/negative_unlabelled/n03954393_202.jpg 2 256 16 234 234 5 9 239 236
samples/negative_unlabelled/n03954393_2118.jpg 1 4 1 242 242
samples/negative_unlabelled/n03954393_243.jpg 1 16 15 369 367
samples/negative_unlabelled/n03954393_3112.jpg 4 12 17 372 369 203 307 6 7 163 315 5 9 209 86 6 6
samples/negative_unlabelled/n03954393_3240.jpg 2 7 15 759 759 547 267 7 7
samples/negative_unlabelled/n03954393_3424.jpg 1 4 0 393 393
samples/negative_unlabelled/n03954393_3511.jpg 2 17 18 573 573 439 189 9 9
samples/negative_unlabelled/n03954393_3794.jpg 1 423 10 383 383
samples/negative_unlabelled/n03954393_383.jpg 1 12 14 517 517
samples/negative_unlabelled/n03954393_4046.jpg 1 118 23 13 13
samples/negative_unlabelled/n03954393_4139.jpg 2 9 10 178 177 192 9 177 178
samples/negative_unlabelled/n03954393_4332.jpg 1 9 4 313 313
samples/negative_unlabelled/n03954393_4421.jpg 2 307 423 27 25 309 429 22 15
samples/negative_unlabelled/n03954393_4640.jpg 2 402 2 370 370 10 4 372 372
samples/negative_unlabelled/n03954393_4694.jpg 1 147 35 30 30
samples/negative_unlabelled/n03954393_4797.jpg 4 157 22 11 11 147 239 13 19 246 266 5 5 219 22 11 11
samples/negative_unlabelled/n03954393_4864.jpg 2 45 181 13 7 11 1 12 7
samples/negative_unlabelled/n03954393_5066.jpg 2 2 3 291 296 294 4 293 293
samples/negative_unlabelled/n03954393_5184.jpg 1 279 170 11 11
samples/negative_unlabelled/n03954393_542.jpg 1 41 25 71 70
samples/negative_unlabelled/n03954393_550.jpg 1 79 399 11 11
samples/negative_unlabelled/n03954393_5575.jpg 1 3 2 361 361
samples/negative_unlabelled/n03954393_5857.jpg 1 477 102 10 10
samples/negative_unlabelled/n03954393_5957.jpg 2 5 2 485 485 318 86 17 17
samples/negative_unlabelled/n03954393_6048.jpg 2 16 12 258 258 170 236 16 16
samples/negative_unlabelled/n03954393_6122.jpg 1 162 380 12 10
samples/negative_unlabelled/n03954393_6333.jpg 1 6 -1 484 486
samples/negative_unlabelled/n03954393_6616.jpg 1 169 114 20 17
samples/negative_unlabelled/n03954393_6679.jpg 7 44 386 35 27 37 376 49 49 201 603 20 18 386 46 10 10 61 63 6 6 217 12 6 6 54 130 7 7
samples/negative_unlabelled/n03954393_6732.jpg 3 10 4 302 301 286 128 17 19 288 133 13 11
samples/negative_unlabelled/n03954393_6865.jpg 1 145 66 381 381
samples/negative_unlabelled/n03954393_702.jpg 1 141 398 10 10
samples/negative_unlabelled/n03954393_7772.jpg 4 91 301 12 10 171 258 9 9 484 91 9 9 477 15 20 20
samples/negative_unlabelled/n03954393_8962.jpg 5 345 109 69 69 342 109 72 72 82 107 77 77 349 114 61 61 336 194 27 27
samples/negative_unlabelled/n03954393_907.jpg 1 301 0 293 296
samples/negative_unlabelled/n03954393_9751.jpg 1 105 68 290 275
samples/negative_unlabelled/n03954393_9880.jpg 1 3 2 491 491
samples/negative_unlabelled/n04349189_1340.jpg 1 4 4 280 273
samples/negative_unlabelled/n04349189_1463.jpg 2 117 39 273 273 170 86 18 11
samples/negative_unlabelled/n04349189_1594.jpg 1 99 4 318 345
samples/negative_unlabelled/n04349189_1949.jpg 1 150 5 136 137
samples/negative_unlabelled/n04349189_2015.jpg 1 8 -1 268 268
samples/negative_unlabelled/n04349189_2407.jpg 1 166 68 6 6
samples/negative_unlabelled/n04349189_259.jpg 2 6 8 25 25 32 5 35 35
samples/negative_unlabelled/n04349189_2707.jpg 1 47 57 296 300
samples/negative_unlabelled/n04349189_2770.jpg 1 47 57 296 300
samples/negative_unlabelled/n04349189_286.jpg 1 275 49 7 7
samples/negative_unlabelled/n04349189_3022.jpg 2 24 216 7 7 25 208 7 7
samples/negative_unlabelled/n04349189_3113.jpg 8 188 31 130 131 226 40 13 13 210 50 15 13 213 54 80 81 93 36 11 12 58 54 84 82 199 111 14 14 202 115 7 7
samples/negative_unlabelled/n04349189_3256.jpg 2 158 5 10 10 122 25 19 19
samples/negative_unlabelled/n04349189_403.jpg 1 287 228 12 9
samples/negative_unlabelled/n04349189_49.jpg 1 109 25 273 272
samples/negative_unlabelled/n04349189_566.jpg 1 52 166 88 88
samples/negative_unlabelled/n04349189_828.jpg 1 127 34 262 257
samples/negative_unlabelled/n04349189_992.jpg 1 11 11 57 59
samples/negative_unlabelled/n04448361_1028.jpg 1 371 72 32 32
samples/negative_unlabelled/n04448361_10633.jpg 2 27 86 200 200 257 87 204 203
samples/negative_unlabelled/n04448361_10727.jpg 7 17 9 371 371 320 315 7 7 354 269 7 7 328 307 7 7 371 214 7 7 363 248 7 7 79 315 7 7
samples/negative_unlabelled/n04448361_10924.jpg 1 154 35 5 5
samples/negative_unlabelled/n04448361_10975.jpg 1 269 247 65 68
samples/negative_unlabelled/n04448361_11135.jpg 1 52 248 18 21
samples/negative_unlabelled/n04448361_11256.jpg 1 8 4 320 325
samples/negative_unlabelled/n04448361_11546.jpg 8 10 300 14 14 8 297 19 19 270 304 7 7 87 309 5 5 267 301 13 13 93 301 13 13 97 304 6 8 46 38 238 238
samples/negative_unlabelled/n04448361_11758.jpg 1 40 75 5 9
samples/negative_unlabelled/n04448361_12201.jpg 1 255 4 242 242
samples/negative_unlabelled/n04448361_1749.jpg 1 149 63 8 8
samples/negative_unlabelled/n04448361_2014.jpg 1 150 139 107 105
samples/negative_unlabelled/n04448361_2199.jpg 2 52 27 277 276 118 146 9 9
samples/negative_unlabelled/n04448361_2255.jpg 3 341 97 10 14 331 86 12 12 407 54 6 6
samples/negative_unlabelled/n04448361_2384.jpg 2 363 137 12 11 161 151 8 9
samples/negative_unlabelled/n04448361_2530.jpg 1 153 223 8 8
samples/negative_unlabelled/n04448361_2709.jpg 1 21 31 347 340
samples/negative_unlabelled/n04448361_3188.jpg 1 30 12 88 88
samples/negative_unlabelled/n04448361_3665.jpg 2 165 180 9 9 213 56 26 28
samples/negative_unlabelled/n04448361_3746.jpg 3 38 33 175 175 253 0 236 240 4 5 236 228
samples/negative_unlabelled/n04448361_3813.jpg 3 136 150 132 120 143 149 118 118 184 181 8 7
samples/negative_unlabelled/n04448361_4240.jpg 3 7 9 482 482 452 321 8 8 68 379 8 8
samples/negative_unlabelled/n04448361_4324.jpg 5 63 323 43 48 71 333 28 28 332 289 6 6 407 176 5 5 368 400 6 6
samples/negative_unlabelled/n04448361_4465.jpg 3 380 117 59 59 280 10 262 264 353 90 117 117
samples/negative_unlabelled/n04448361_462.jpg 1 12 28 22 22
samples/negative_unlabelled/n04448361_4918.jpg 1 4 4 280 273
samples/negative_unlabelled/n04448361_5063.jpg 1 222 148 42 46
samples/negative_unlabelled/n04448361_5253.jpg 1 5 5 187 187
samples/negative_unlabelled/n04448361_5342.jpg 1 49 26 83 84
samples/negative_unlabelled/n04448361_573.jpg 3 55 113 57 57 350 120 70 71 152 27 70 70
samples/negative_unlabelled/n04448361_5816.jpg 9 45 41 249 249 93 94 7 5 104 79 5 5 105 97 6 6 99 133 8 8 126 63 5 5 37 35 262 259 87 121 5 5 186 239 7 7
samples/negative_unlabelled/n04448361_5922.jpg 1 15 321 55 55
samples/negative_unlabelled/n04448361_606.jpg 2 168 47 126 143 252 141 8 8
samples/negative_unlabelled/n04448361_626.jpg 2 95 55 36 33 60 54 35 34
samples/negative_unlabelled/n04448361_637.jpg 7 180 103 127 127 83 7 321 321 260 278 24 24 93 18 301 301 194 35 25 25 266 284 13 11 200 40 13 13
samples/negative_unlabelled/n04448361_6422.jpg 1 3 -1 333 330
samples/negative_unlabelled/n04448361_656.jpg 1 38 16 73 81
samples/negative_unlabelled/n04448361_6770.jpg 8 369 353 30 33 163 409 30 30 373 361 21 18 77 137 41 39 112 101 40 40 119 110 26 22 85 146 25 22 69 272 8 8
samples/negative_unlabelled/n04448361_7139.jpg 1 206 96 78 78
samples/negative_unlabelled/n04448361_7287.jpg 6 274 122 88 88 2 123 89 89 151 125 81 81 65 43 89 89 207 47 87 87 336 32 88 88
samples/negative_unlabelled/n04448361_7517.jpg 2 76 77 8 8 84 77 9 9
samples/negative_unlabelled/n04448361_7823.jpg 3 44 181 109 109 228 180 109 109 279 185 12 12
samples/negative_unlabelled/n04448361_7989.jpg 9 126 23 16 16 66 163 15 15 69 166 9 9 20 118 15 15 23 121 9 9 231 11 174 176 129 27 9 9 61 27 4 17 242 23 151 151
samples/negative_unlabelled/n04448361_829.jpg 2 242 116 10 10 208 136 7 9
samples/negative_unlabelled/n04448361_8420.jpg 1 62 33 106 111
samples/negative_unlabelled/n04448361_8694.jpg 3 42 32 262 262 5 -2 334 334 166 106 16 19
samples/negative_unlabelled/n04448361_8796.jpg 10 263 25 10 9 239 23 10 8 31 257 8 10 227 22 9 9 41 291 9 9 29 210 9 9 28 222 9 9 174 412 9 9 64 334 8 10 419 147 10 10
samples/negative_unlabelled/n04448361_8884.jpg 16 199 442 19 22 67 90 17 15 268 373 8 6 460 352 10 10 387 374 11 11 200 446 17 13 435 370 10 14 446 370 11 14 346 370 11 14 101 445 17 19 444 352 10 10 95 127 7 7 436 145 5 5 462 354 6 6 56 35 20 20 264 303 8 8
samples/negative_unlabelled/n04448361_902.jpg 1 9 11 475 474
samples/negative_unlabelled/n04448361_941.jpg 1 362 248 14 11
samples/negative_unlabelled/n04448361_9432.jpg 2 13 17 356 350 390 14 351 355
samples/negative_unlabelled/n04448361_9518.jpg 2 8 10 479 476 199 438 7 7
samples/negative_unlabelled/n04448361_9745.jpg 1 98 86 317 300
samples/negative_unlabelled/n04448361_9899.jpg 1 36 22 257 259
samples/negative_unlabelled/n11691046_10508.jpg 1 159 135 7 7
samples/negative_unlabelled/n11691046_11021.jpg 1 121 341 8 8
samples/negative_unlabelled/n11691046_11535.jpg 1 132 510 14 14
samples/negative_unlabelled/n11691046_11657.jpg 2 462 49 21 21 364 78 20 20
samples/negative_unlabelled/n11691046_11846.jpg 2 242 166 10 9 73 170 9 9
samples/negative_unlabelled/n11691046_11905.jpg 2 219 264 7 7 237 277 8 10
samples/negative_unlabelled/n11691046_12002.jpg 1 2 303 11 11
samples/negative_unlabelled/n11691046_12118.jpg 1 261 255 10 10
samples/negative_unlabelled/n11691046_12270.jpg 1 233 390 6 6
samples/negative_unlabelled/n11691046_12373.jpg 1 309 235 8 8
samples/negative_unlabelled/n11691046_13001.jpg 3 162 336 5 5 170 342 4 5 163 381 6 6
samples/negative_unlabelled/n11691046_13084.jpg 1 444 249 7 7
samples/negative_unlabelled/n11691046_13439.jpg 1 256 28 5 5
samples/negative_unlabelled/n11691046_13873.jpg 1 173 181 7 8
samples/negative_unlabelled/n11691046_14119.jpg 1 358 201 12 12
samples/negative_unlabelled/n11691046_14466.jpg 1 152 28 27 27
samples/negative_unlabelled/n11691046_14622.jpg 2 45 401 6 6 110 469 7 7
samples/negative_unlabelled/n11691046_15025.jpg 1 93 426 9 9
samples/negative_unlabelled/n11691046_15982.jpg 1 556 332 8 11
samples/negative_unlabelled/n11691046_16404.jpg 1 599 633 8 8
samples/negative_unlabelled/n11691046_16955.jpg 2 264 232 20 19 453 192 9 9
samples/negative_unlabelled/n11691046_17035.jpg 7 103 69 11 15 120 110 11 11 91 96 11 11 61 227 11 11 78 271 11 11 540 17 11 11 312 496 18 10
samples/negative_unlabelled/n11691046_17174.jpg 2 310 491 6 6 291 529 6 6
samples/negative_unlabelled/n11691046_17365.jpg 4 132 30 10 10 60 30 10 10 229 27 16 16 227 25 21 20
samples/negative_unlabelled/n11691046_17529.jpg 2 121 43 6 6 5 278 7 7
samples/negative_unlabelled/n11691046_17673.jpg 1 160 239 16 13
samples/negative_unlabelled/n11691046_17882.jpg 2 118 389 14 14 103 113 19 19
samples/negative_unlabelled/n11691046_17998.jpg 2 184 14 6 6 61 487 6 6
samples/negative_unlabelled/n11691046_18116.jpg 2 0 0 11 11 72 86 14 14
samples/negative_unlabelled/n11691046_1833.jpg 1 378 555 14 14
samples/negative_unlabelled/n11691046_18533.jpg 1 489 353 8 8
samples/negative_unlabelled/n11691046_18642.jpg 1 264 34 8 8
samples/negative_unlabelled/n11691046_20395.jpg 1 354 48 25 25
samples/negative_unlabelled/n11691046_20940.jpg 24 331 655 7 7 24 387 12 16 191 879 7 12 302 947 11 10 5 735 10 22 654 564 14 19 745 258 12 12 263 506 10 9 679 909 14 14 706 275 19 17 128 250 22 18 275 1 13 13 597 350 9 9 194 234 16 15 599 598 19 11 608 815 9 12 223 385 11 11 740 628 8 9 115 858 9 7 438 1 10 12 698 239 11 10 307 18 10 10 404 56 11 11 512 813 8 8
samples/negative_unlabelled/n11691046_21098.jpg 1 309 145 16 8
samples/negative_unlabelled/n11691046_21207.jpg 5 130 153 7 7 246 254 18 12 226 274 14 14 208 187 14 12 217 213 13 13
samples/negative_unlabelled/n11691046_22329.jpg 1 628 442 16 16
samples/negative_unlabelled/n11691046_24845.jpg 12 67 133 8 9 34 51 9 9 93 73 10 10 83 123 13 13 469 297 9 11 33 17 6 6 88 36 6 6 6 62 6 6 88 203 5 5 109 335 6 6 396 360 5 5 56 120 7 10
samples/negative_unlabelled/n11691046_25878.jpg 1 175 106 12 12
samples/negative_unlabelled/n11691046_26173.jpg 1 66 268 10 10
samples/negative_unlabelled/n11691046_3065.jpg 11 180 266 9 9 213 249 9 9 198 260 9 9 207 239 9 9 198 240 8 8 125 266 10 10 224 188 9 9 217 239 9 8 228 226 9 9 213 173 8 8 223 203 9 9
samples/negative_unlabelled/n11691046_4583.jpg 6 675 16 7 7 315 534 6 6 537 0 11 11 88 17 8 8 404 552 7 7 778 595 14 8
samples/negative_unlabelled/n11691046_5085.jpg 1 58 57 5 7
samples/negative_unlabelled/n11691046_5613.jpg 2 1 414 9 9 54 360 7 7
samples/negative_unlabelled/n11691046_7119.jpg 1 1554 843 7 7
samples/negative_unlabelled/n11691046_840.jpg 1 133 379 8 8
samples/negative_unlabelled/n11691046_9682.jpg 1 33 5 14 14
samples/negative_unlabelled/n11692792_1188.jpg 2 534 288 24 34 373 59 15 15
samples/negative_unlabelled/n11692792_1937.jpg 1 29 168 8 8
samples/negative_unlabelled/n11692792_2038.jpg 1 237 30 9 9
samples/negative_unlabelled/n11692792_2171.jpg 1 13 5 7 7
samples/negative_unlabelled/n11692792_2712.jpg 1 278 326 12 12
samples/negative_unlabelled/n11692792_3788.jpg 1 306 132 15 17
samples/negative_unlabelled/n11692792_3991.jpg 1 182 24 10 10
samples/negative_unlabelled/n11692792_4104.jpg 2 146 68 16 16 143 167 17 17
samples/negative_unlabelled/n11692792_4746.jpg 1 159 296 8 8
samples/negative_unlabelled/n11692792_4996.jpg 1 457 193 5 5
samples/negative_unlabelled/n11692792_5405.jpg 1 130 209 20 20
samples/negative_unlabelled/n11692792_59.jpg 1 61 57 11 11
samples/negative_unlabelled/n11692792_6150.jpg 2 79 86 9 9 493 45 14 14
samples/negative_unlabelled/n11692792_6549.jpg 1 191 317 8 8
samples/negative_unlabelled/n11692792_698.jpg 1 186 29 16 16
samples/negative_unlabelled/n11692792_8137.jpg 1 401 148 10 11
samples/negative_unlabelled/n13007034_10112.jpg 1 75 145 8 7
samples/negative_unlabelled/n13007034_10226.jpg 1 296 261 14 11
samples/negative_unlabelled/n13007034_10468.jpg 7 350 236 26 15 208 246 17 18 159 266 22 16 414 159 13 6 30 220 27 19 154 103 16 9 196 202 21 9
samples/negative_unlabelled/n13007034_1085.jpg 3 105 147 8 8 91 147 10 10 307 151 13 10
samples/negative_unlabelled/n13007034_11334.jpg 1 56 129 10 12
samples/negative_unlabelled/n13007034_11514.jpg 2 324 335 13 11 52 91 6 6
samples/negative_unlabelled/n13007034_12032.jpg 2 157 196 22 26 10 164 18 25
samples/negative_unlabelled/n13007034_12343.jpg 1 66 67 10 5
samples/negative_unlabelled/n13007034_12499.jpg 5 659 442 28 28 684 382 28 27 174 382 19 24 58 651 16 12 106 857 10 10
samples/negative_unlabelled/n13007034_12653.jpg 1 274 340 10 12
samples/negative_unlabelled/n13007034_13657.jpg 1 142 71 12 14
samples/negative_unlabelled/n13007034_13807.jpg 1 38 173 8 10
samples/negative_unlabelled/n13007034_14261.jpg 1 39 95 12 16
samples/negative_unlabelled/n13007034_14449.jpg 1 412 299 10 10
samples/negative_unlabelled/n13007034_15150.jpg 1 513 165 10 10
samples/negative_unlabelled/n13007034_15235.jpg 2 358 18 11 18 359 6 6 6
samples/negative_unlabelled/n13007034_15566.jpg 1 110 74 8 8
samples/negative_unlabelled/n13007034_15673.jpg 1 17 111 32 29
samples/negative_unlabelled/n13007034_1642.jpg 1 390 156 6 6
samples/negative_unlabelled/n13007034_2472.jpg 1 479 197 10 10
samples/negative_unlabelled/n13007034_2645.jpg 3 312 278 12 12 92 142 8 11 338 114 9 10
samples/negative_unlabelled/n13007034_276.jpg 6 374 304 16 31 59 186 14 14 82 325 13 13 376 162 11 9 492 248 11 11 265 168 10 10
samples/negative_unlabelled/n13007034_3818.jpg 1 51 159 6 7
samples/negative_unlabelled/n13007034_4729.jpg 1 61 97 7 7
samples/negative_unlabelled/n13007034_4954.jpg 4 203 349 31 31 264 400 20 19 159 290 23 23 67 147 8 12
samples/negative_unlabelled/n13007034_5521.jpg 2 108 418 8 9 81 378 7 7
samples/negative_unlabelled/n13007034_6167.jpg 2 248 282 10 10 164 99 7 7
samples/negative_unlabelled/n13007034_6444.jpg 5 1182 762 13 13 1007 760 6 6 283 86 8 9 230 6 10 8 1173 35 6 6
samples/negative_unlabelled/n13007034_6581.jpg 1 405 325 35 9
samples/negative_unlabelled/n13007034_6700.jpg 2 147 161 47 46 86 204 53 37
samples/negative_unlabelled/n13007034_6919.jpg 4 92 144 8 8 354 129 7 7 199 91 7 7 218 102 8 8
samples/negative_unlabelled/n13007034_7.jpg 1 49 112 8 8
samples/negative_unlabelled/n13007034_7209.jpg 2 445 161 9 9 276 78 13 13
samples/negative_unlabelled/n13007034_7584.jpg 1 329 244 8 17
samples/negative_unlabelled/n13007034_7890.jpg 2 112 88 19 17 150 83 17 16
samples/negative_unlabelled/n13007034_7966.jpg 4 40 42 9 9 366 15 8 8 39 55 7 7 333 42 10 10
samples/negative_unlabelled/n13007034_8088.jpg 2 412 216 11 7 443 208 7 7
samples/negative_unlabelled/n13007034_8388.jpg 2 78 106 31 31 22 62 11 18
samples/negative_unlabelled/n13007034_8760.jpg 2 170 280 22 27 324 221 14 16
samples/negative_unlabelled/n13007034_8984.jpg 2 394 128 13 13 251 48 9 10
samples/negative_unlabelled/n13007034_9159.jpg 1 368 58 6 6
samples/negative_unlabelled/n13007034_9362.jpg 1 368 288 10 13
samples/negative_unlabelled/n13873502_10381.jpg 2 346 240 5 5 429 158 6 5
samples/negative_unlabelled/n13873502_10552.jpg 1 11 13 745 745
samples/negative_unlabelled/n13873502_11273.jpg 4 143 290 94 94 177 324 26 26 134 425 26 26 92 278 27 27
samples/negative_unlabelled/n13873502_11514.jpg 3 178 118 134 134 207 147 77 77 212 152 66 66
samples/negative_unlabelled/n13873502_12262.jpg 1 63 67 375 362
samples/negative_unlabelled/n13873502_12777.jpg 2 277 106 67 69 136 128 138 160
samples/negative_unlabelled/n13873502_12917.jpg 5 19 10 125 132 167 134 141 87 225 149 53 35 72 38 48 50 367 255 56 33
samples/negative_unlabelled/n13873502_13459.jpg 1 478 335 7 7
samples/negative_unlabelled/n13873502_13614.jpg 7 311 62 9 9 185 233 8 7 204 182 14 15 308 203 8 9 269 296 6 7 134 274 13 11 331 254 13 13
samples/negative_unlabelled/n13873502_13818.jpg 4 354 170 40 43 361 182 26 19 561 157 12 12 484 194 14 11
samples/negative_unlabelled/n13873502_14044.jpg 8 160 38 37 35 258 3 18 19 288 5 17 17 372 36 45 44 317 283 9 9 390 8 13 13 64 36 34 34 412 9 12 12
samples/negative_unlabelled/n13873502_14159.jpg 11 187 297 8 10 321 208 6 6 261 322 10 7 284 319 6 6 164 242 5 5 5 6 489 489 292 259 10 9 234 196 10 10 212 208 9 9 195 227 14 14 422 70 8 8
samples/negative_unlabelled/n13873502_14256.jpg 24 3 121 113 113 378 360 106 106 377 126 109 109 262 250 98 98 380 7 107 109 265 131 90 88 9 365 109 107 137 132 89 92 254 123 110 111 130 245 113 113 273 386 70 68 276 263 72 71 387 366 90 95 13 371 97 95 7 2 109 109 152 389 70 67 278 148 62 59 267 256 88 88 139 258 89 89 129 6 108 108 404 264 70 68 384 249 102 102 24 141 72 70 390 137 87 87
samples/negative_unlabelled/n13873502_14442.jpg 11 235 243 48 48 293 165 6 6 128 101 31 34 291 291 5 5 242 299 5 5 237 435 5 5 251 197 31 31 225 222 19 19 230 431 5 5 248 194 35 38 224 353 6 6
samples/negative_unlabelled/n13873502_14664.jpg 5 427 280 29 29 252 267 28 28 193 159 26 26 124 189 26 26 129 121 25 25
samples/negative_unlabelled/n13873502_14870.jpg 5 265 245 35 35 50 153 31 31 200 -1 31 31 48 106 31 31 249 79 48 31
samples/negative_unlabelled/n13873502_15247.jpg 5 71 4 346 346 95 29 298 298 188 125 108 108 136 72 214 214 235 171 15 15
samples/negative_unlabelled/n13873502_15477.jpg 2 23 26 386 387 33 36 360 361
samples/negative_unlabelled/n13873502_15838.jpg 2 341 57 45 51 212 247 84 64
samples/negative_unlabelled/n13873502_16203.jpg 32 429 48 8 8 496 176 10 10 197 191 10 10 210 191 9 11 272 339 8 8 498 191 11 11 212 158 8 8 496 223 8 8 296 354 8 8 467 89 8 8 201 179 8 8 496 208 10 10 232 102 8 8 233 60 248 285 364 9 8 8 220 129 8 8 429 344 8 8 224 268 8 8 299 37 8 8 513 191 11 11 417 352 8 8 339 11 8 8 393 29 8 8 260 329 8 8 394 364 8 8 307 361 8 8 216 238 8 8 243 306 8 8 494 162 8 8 212 224 8 8 350 18 10 10 283 348 8 8
samples/negative_unlabelled/n13873502_16726.jpg 18 215 233 150 150 709 280 9 11 664 482 5 5 691 395 10 11 691 131 9 15 708 433 11 11 690 530 11 10 708 549 11 10 709 347 9 11 709 414 10 10 708 567 10 10 690 242 10 10 690 328 10 10 636 371 11 11 110 392 25 25 444 392 29 23 674 70 11 10 692 108 11 10
samples/negative_unlabelled/n13873502_16891.jpg 80 229 160 40 40 167 237 39 39 215 214 40 40 313 221 40 39 264 193 48 48 287 142 38 39 326 159 52 52 225 55 51 52 162 231 50 50 137 130 53 52 309 216 49 49 237 301 49 49 266 262 40 40 74 219 39 39 297 87 37 39 336 270 50 50 121 302 39 37 268 197 40 40 212 210 48 48 314 323 27 27 392 303 26 27 384 247 28 27 115 294 53 49 291 82 50 50 207 345 49 49 149 142 29 29 432 318 38 40 346 282 28 28 185 290 29 29 247 311 29 29 174 241 29 29 380 239 39 39 319 229 28 28 310 316 39 39 212 350 39 39 274 205 27 27 223 222 28 28 22 268 38 34 302 96 28 28 202 108 27 27 269 26 48 48 92 109 49 49 158 179 49 49 143 137 37 40 235 169 28 28 17 258 51 51 58 151 38 38 356 393 49 49 27 205 37 38 128 305 27 26 105 120 27 27 412 58 49 49 69 214 48 48 317 390 27 28 367 405 24 26 279 422 38 38 68 338 37 39 412 368 50 53 266 350 49 49 172 40 39 37 252 122 26 26 434 263 28 28 221 400 50 49 294 151 26 27 276 360 25 26 62 331 50 50 271 354 39 39 273 417 49 49 53 145 49 49 457 424 25 27 230 410 28 28 281 426 28 28 8 433 40 35 114 177 26 26 170 190 28 28 75 341 26 26 173 389 28 28 21 199 49 48 120 363 26 26 35 210 25 26
samples/negative_unlabelled/n13873502_16975.jpg 3 304 218 8 4 204 139 8 8 115 56 10 10
samples/negative_unlabelled/n13873502_17017.jpg 33 340 337 6 6 382 337 6 6 265 7 12 12 273 219 13 13 482 253 11 11 301 112 14 14 271 97 11 11 253 335 10 10 400 96 11 11 80 149 12 12 325 148 17 19 53 111 11 11 473 273 9 9 23 95 9 9 19 4 10 10 339 202 10 10 154 95 9 9 158 235 10 10 0 334 9 9 324 305 7 7 306 13 9 9 359 56 8 8 58 177 10 10 233 256 10 10 117 177 16 16 485 18 8 8 217 149 8 8 279 45 8 8 2 142 8 8 354 215 9 9 287 179 8 8 112 55 7 7 60 10 7 7
samples/negative_unlabelled/n13873502_17175.jpg 2 172 242 69 69 247 106 64 64
samples/negative_unlabelled/n13873502_17302.jpg 4 84 52 389 389 57 24 443 443 98 61 361 370 109 76 339 341
samples/negative_unlabelled/n13873502_17396.jpg 11 124 47 635 613 704 538 24 25 739 554 11 11 705 587 10 12 147 33 31 43 50 235 30 43 281 194 8 8 295 203 7 7 449 382 8 9 128 193 15 5 482 309 8 9
samples/negative_unlabelled/n13873502_17556.jpg 1 431 585 12 12
samples/negative_unlabelled/n13873502_17763.jpg 11 203 358 16 16 229 389 34 23 172 357 8 9 108 224 13 13 139 198 18 17 157 100 40 47 123 228 11 11 172 378 12 16 103 173 24 15 95 223 11 16 165 393 22 16
samples/negative_unlabelled/n13873502_1904.jpg 1 58 98 160 160
samples/negative_unlabelled/n13873502_1930.jpg 1 443 471 8 10
samples/negative_unlabelled/n13873502_19464.jpg 2 314 10 82 51 335 15 41 39
samples/negative_unlabelled/n13873502_20169.jpg 2 448 396 5 5 333 395 6 6
samples/negative_unlabelled/n13873502_20474.jpg 22 185 298 32 22 343 198 25 30 325 212 19 21 339 230 21 25 275 193 23 10 278 168 17 25 263 154 30 19 320 234 18 18 303 262 18 14 306 205 14 19 170 276 30 24 308 222 14 16 356 268 21 41 104 279 56 29 317 189 23 21 184 174 33 17 322 254 21 16 152 295 29 40 338 261 26 23 148 64 51 72 301 170 18 26 146 319 31 58
samples/negative_unlabelled/n13873502_2060.jpg 1 107 435 11 15
samples/negative_unlabelled/n13873502_21757.jpg 2 286 302 60 64 303 220 46 46
samples/negative_unlabelled/n13873502_22402.jpg 1 55 39 227 227
samples/negative_unlabelled/n13873502_2279.jpg 21 185 187 54 59 246 100 41 25 240 228 64 49 176 93 31 32 354 176 53 34 184 268 62 56 193 197 37 37 254 240 36 26 347 55 36 51 217 20 36 21 282 300 29 35 249 91 35 44 386 229 26 27 406 105 38 40 54 113 45 32 25 90 15 18 25 150 19 19 255 105 25 15 128 119 37 48 314 91 23 13 348 70 33 22
samples/negative_unlabelled/n13873502_23299.jpg 1 387 249 31 37
samples/negative_unlabelled/n13873502_24573.jpg 1 15 15 472 472
samples/negative_unlabelled/n13873502_26506.jpg 91 331 194 10 16 178 310 9 9 181 288 8 8 142 87 12 10 222 309 10 10 177 88 10 10 285 170 7 9 87 177 9 9 66 195 8 15 194 91 9 9 251 284 9 9 209 291 8 8 200 103 8 8 250 114 9 9 85 101 17 18 131 163 9 6 160 317 11 11 218 323 10 13 148 339 19 9 220 88 10 10 283 148 9 9 163 269 7 7 113 147 9 9 211 277 7 7 253 87 11 12 284 135 9 11 177 104 9 9 192 309 9 9 228 114 9 9 148 113 9 9 183 114 8 8 271 127 9 9 87 140 9 15 229 286 8 8 112 170 9 9 88 271 10 12 200 296 8 8 231 300 9 9 240 138 9 6 306 142 13 10 125 253 8 6 291 286 8 13 90 117 15 13 272 271 9 9 132 284 8 8 136 112 9 9 158 293 8 8 113 263 8 8 109 288 8 13 256 308 9 12 162 106 9 9 105 107 16 10 149 134 7 8 263 284 9 9 113 251 8 8 146 144 6 8 156 126 8 8 113 216 7 7 104 138 11 9 107 238 8 8 97 231 8 8 147 264 7 7 257 105 11 9 318 203 12 10 112 229 7 7 331 215 11 15 261 321 15 11 71 262 14 11 314 188 11 11 282 122 11 11 238 291 9 9 103 275 8 11 207 88 10 10 142 278 7 7 260 295 10 10 71 216 11 11 132 72 20 10 110 118 11 11 97 215 8 8 101 166 10 10 219 112 9 8 74 177 12 9 167 96 10 10 113 198 7 7 300 105 15 15 105 224 7 7 165 307 9 9 122 102 13 9 264 140 7 9 263 149 8 8 273 137 9 9
samples/negative_unlabelled/n13873502_26918.jpg 5 135 121 7 7 286 46 6 6 277 44 6 6 175 184 7 7 172 174 6 6
samples/negative_unlabelled/n13873502_27153.jpg 2 774 556 5 5 776 505 5 5
samples/negative_unlabelled/n13873502_27384.jpg 1 49 147 206 206
samples/negative_unlabelled/n13873502_2761.jpg 4 312 28 66 66 215 218 67 67 33 312 63 64 407 30 66 65
samples/negative_unlabelled/n13873502_29399.jpg 8 227 227 39 39 233 230 27 30 401 309 5 5 371 359 5 5 277 411 6 6 320 400 6 6 172 94 6 6 410 269 5 5
samples/negative_unlabelled/n13873502_3525.jpg 3 148 75 217 217 203 200 10 10 254 151 8 8
samples/negative_unlabelled/n13873502_4176.jpg 1 21 14 94 95
samples/negative_unlabelled/n13873502_4499.jpg 1 18 152 36 44
samples/negative_unlabelled/n13873502_502.jpg 7 188 119 121 121 133 65 229 231 126 60 244 244 122 57 252 251 176 109 144 144 130 63 236 237 235 165 28 28
samples/negative_unlabelled/n13873502_5835.jpg 3 196 112 64 64 189 95 82 84 161 41 141 141
samples/negative_unlabelled/n13873502_6054.jpg 1 171 139 18 26
samples/negative_unlabelled/n13873502_6305.jpg 1 137 139 8 16
samples/negative_unlabelled/n13873502_7187.jpg 1 121 66 223 224
samples/negative_unlabelled/n13873502_7317.jpg 28 247 166 38 38 140 77 32 34 15 67 74 75 229 61 64 64 321 231 80 78 31 84 34 34 219 139 92 92 437 155 49 47 19 257 51 51 364 89 18 18 358 74 11 11 435 69 43 43 12 250 66 66 414 137 86 83 124 64 65 63 332 148 63 65 425 232 68 70 341 68 48 48 227 238 80 79 332 61 63 61 325 142 76 77 22 167 50 49 134 250 53 52 20 73 63 64 225 145 81 80 24 265 38 38 331 241 62 62 11 155 76 76
samples/negative_unlabelled/n13873502_7587.jpg 1 496 69 6 6
samples/negative_unlabelled/n13873502_7900.jpg 1 248 268 8 8
samples/negative_unlabelled/n13873502_799.jpg 1 135 56 172 172
samples/negative_unlabelled/n13873502_808.jpg 1 380 199 7 7
samples/negative_unlabelled/n13873502_8244.jpg 6 354 34 55 54 181 277 14 14 200 288 14 14 358 51 11 8 388 45 11 10 372 42 7 10
samples/negative_unlabelled/n13873502_8363.jpg 69 258 120 5 5 265 292 5 5 460 193 5 5 451 266 5 5 465 208 5 5 221 291 5 5 352 188 5 5 258 235 5 5 466 193 5 5 225 338 5 5 40 260 5 5 464 216 5 5 317 180 5 5 19 24 5 5 28 164 5 5 28 209 5 5 439 78 5 5 24 43 5 5 316 174 5 5 32 231 5 5 392 236 5 5 376 269 5 5 226 36 5 5 352 181 5 5 16 330 5 5 202 180 5 5 473 49 5 5 275 87 5 5 461 134 5 5 215 89 5 5 351 173 5 5 203 41 5 5 35 126 5 5 394 229 5 5 326 119 5 5 68 122 5 5 307 226 5 5 211 336 5 5 23 58 5 5 397 215 5 5 15 90 5 5 450 355 5 5 50 30 5 5 23 73 5 5 160 129 5 5 51 84 5 5 466 164 5 5 304 149 5 5 170 261 5 5 283 90 5 5 479 327 5 5 474 356 5 5 265 147 5 5 97 161 5 5 475 40 5 5 286 287 5 5 265 233 5 5 100 65 5 5 460 363 5 5 122 67 5 5 119 341 5 5 100 146 5 5 142 201 5 5 29 156 5 5 431 174 5 5 253 84 5 5 95 176 5 5 202 201 5 5 249 35 5 5
samples/negative_unlabelled/n13873502_8607.jpg 3 59 40 251 251 87 66 197 197 118 97 143 143
samples/negative_unlabelled/n13873502_8984.jpg 2 56 8 5 5 126 150 5 5
samples/negative_unlabelled/n13873502_9094.jpg 2 119 63 258 254 297 207 32 32
samples/negative_unlabelled/n13873502_9162.jpg 1 16 -1 449 463
samples/negative_unlabelled/n13873502_9331.jpg 1 172 95 163 163
samples/negative_unlabelled/n13873502_9720.jpg 2 138 336 19 19 140 338 14 14
samples/negative_unlabelled/n13873502_9808.jpg 6 176 111 9 9 103 88 8 8 264 137 7 7 185 128 6 6 40 76 9 9 133 71 85 85
samples/negative_unlabelled/n13873502_9886.jpg 6 96 145 12 13 112 333 15 15 340 76 9 8 30 64 9 9 476 62 8 8 50 34 15 14
samples/negative_unlabelled/n13873917_11029.jpg 3 346 345 6 6 265 240 7 7 321 304 10 11
samples/negative_unlabelled/n13873917_11774.jpg 2 279 119 8 6 97 441 13 11
samples/negative_unlabelled/n13873917_12047.jpg 3 121 424 6 6 248 234 55 55 259 248 30 28
samples/negative_unlabelled/n13873917_12428.jpg 1 140 133 234 234
samples/negative_unlabelled/n13873917_12605.jpg 3 20 18 458 457 400 225 12 12 250 221 8 8
samples/negative_unlabelled/n13873917_13397.jpg 2 393 397 9 9 224 135 5 5
samples/negative_unlabelled/n13873917_13586.jpg 1 47 37 403 407
samples/negative_unlabelled/n13873917_14167.jpg 2 29 29 437 438 4 459 8 8
samples/negative_unlabelled/n13873917_14481.jpg 1 119 194 13 13
samples/negative_unlabelled/n13873917_15168.jpg 5 171 250 10 10 240 220 17 22 211 332 9 10 320 217 9 9 407 456 26 27
samples/negative_unlabelled/n13873917_15738.jpg 4 332 0 11 11 487 6 8 8 438 11 6 6 353 15 5 5
samples/negative_unlabelled/n13873917_1664.jpg 1 181 120 128 128
samples/negative_unlabelled/n13873917_16856.jpg 3 199 155 6 6 198 173 6 6 238 117 9 9
samples/negative_unlabelled/n13873917_17534.jpg 1 204 157 128 128
samples/negative_unlabelled/n13873917_18305.jpg 5 275 216 7 7 260 196 7 7 248 209 7 7 247 234 6 6 204 269 7 7
samples/negative_unlabelled/n13873917_19016.jpg 2 32 33 433 433 219 206 71 71
samples/negative_unlabelled/n13873917_19234.jpg 3 466 91 16 16 466 307 17 17 466 10 17 17
samples/negative_unlabelled/n13873917_19585.jpg 11 127 118 69 72 216 109 82 69 39 169 89 96 239 197 68 61 96 274 83 79 152 201 71 71 195 271 102 99 22 345 76 79 67 14 57 67 106 368 110 107 228 386 61 62
samples/negative_unlabelled/n13873917_19729.jpg 1 350 398 7 10
samples/negative_unlabelled/n13873917_2102.jpg 1 125 83 216 242
samples/negative_unlabelled/n13873917_21535.jpg 2 167 114 53 52 161 107 65 65
samples/negative_unlabelled/n13873917_21749.jpg 2 250 293 17 17 128 304 16 18
samples/negative_unlabelled/n13873917_21990.jpg 6 200 85 196 196 285 170 22 22 279 163 37 37 228 112 140 140 255 139 86 86 189 93 7 7
samples/negative_unlabelled/n13873917_22200.jpg 4 77 131 7 9 296 187 9 11 274 80 6 9 147 236 12 10
samples/negative_unlabelled/n13873917_22593.jpg 2 7 8 480 479 247 283 9 9
samples/negative_unlabelled/n13873917_23093.jpg 10 161 333 16 14 131 199 15 15 198 354 15 15 361 233 16 17 231 123 15 15 207 210 78 77 288 350 16 16 349 194 15 15 150 164 15 14 193 134 14 14
samples/negative_unlabelled/n13873917_23240.jpg 2 242 93 6 6 184 219 6 6
samples/negative_unlabelled/n13873917_24191.jpg 4 249 153 16 16 182 148 16 16 86 24 287 265 240 247 13 13
samples/negative_unlabelled/n13873917_24402.jpg 5 654 355 70 65 547 446 70 70 746 459 71 70 641 552 68 72 570 468 29 29
samples/negative_unlabelled/n13873917_24513.jpg 2 484 154 14 13 289 387 12 12
samples/negative_unlabelled/n13873917_24938.jpg 1 469 6 15 10
samples/negative_unlabelled/n13873917_25674.jpg 10 120 202 9 9 18 9 302 306 21 15 296 294 229 167 10 10 164 153 11 11 175 195 16 12 209 106 8 8 168 122 10 10 137 140 10 10 142 89 13 13
samples/negative_unlabelled/n13873917_26298.jpg 3 188 256 60 60 196 170 60 60 266 219 60 60
samples/negative_unlabelled/n13873917_26565.jpg 1 15 71 41 26
samples/negative_unlabelled/n13873917_26908.jpg 3 108 132 238 239 23 71 359 361 124 147 207 207
samples/negative_unlabelled/n13873917_28019.jpg 4 141 55 203 203 119 34 254 258 120 37 253 252 483 317 9 9
samples/negative_unlabelled/n13873917_340.jpg 1 49 164 8 8
samples/negative_unlabelled/n13873917_3965.jpg 1 331 162 30 26
samples/negative_unlabelled/n13873917_4406.jpg 4 164 58 305 305 186 80 258 258 307 180 7 7 245 151 5 13
samples/negative_unlabelled/n13873917_5050.jpg 1 264 189 12 12
samples/negative_unlabelled/n13873917_5158.jpg 7 141 92 431 427 341 285 23 24 343 288 18 18 331 276 42 42 160 108 393 393 379 272 12 12 327 259 12 12
samples/negative_unlabelled/n13873917_5558.jpg 1 137 53 219 224
samples/negative_unlabelled/n13873917_5701.jpg 3 304 395 10 10 419 262 11 11 107 127 4 4
samples/negative_unlabelled/n13873917_6326.jpg 2 24 32 446 444 277 315 11 11
samples/negative_unlabelled/n13873917_6481.jpg 1 132 120 12 12
samples/negative_unlabelled/n13873917_6575.jpg 1 65 110 6 6
samples/negative_unlabelled/n13873917_6994.jpg 1 155 114 184 184
samples/negative_unlabelled/n13873917_7212.jpg 1 242 387 8 6
samples/negative_unlabelled/n13873917_7536.jpg 3 83 99 5 5 18 99 5 5 301 212 31 31
samples/negative_unlabelled/n13873917_7715.jpg 3 163 87 181 181 132 54 243 246 153 78 201 201
samples/negative_unlabelled/n13873917_8037.jpg 3 118 27 296 321 285 183 25 26 290 188 16 16
samples/negative_unlabelled/n13873917_8563.jpg 2 307 230 12 15 210 251 14 14
samples/negative_unlabelled/n13873917_873.jpg 2 198 97 112 141 200 100 107 134
samples/negative_unlabelled/n13873917_9122.jpg 8 159 83 5 5 403 248 5 5 195 342 6 6 309 119 6 6 170 178 5 5 187 354 5 5 353 226 4 4 131 330 5 5
samples/negative_unlabelled/n13873917_9215.jpg 1 38 34 51 24
samples/negative_unlabelled/n13873917_9341.jpg 1 152 303 8 5
samples/negative_unlabelled/n13873917_9499.jpg 7 226 120 13 13 271 120 13 13 211 137 88 88 194 197 13 13 303 197 12 12 226 229 12 12 271 229 12 12
samples/negative_unlabelled/n13873917_9786.jpg 1 192 136 17 17
samples/negative_unlabelled/n13873917_9901.jpg 1 174 175 144 145
samples/negative_unlabelled/n13874073_11448.jpg 1 11 8 179 181
samples/negative_unlabelled/n02675077_1415.jpg 2 6 1 174 176 58 55 65 65
samples/negative_unlabelled/n02675077_1596.jpg 1 30 42 13 13
samples/negative_unlabelled/n02675077_1668.jpg 23 59 -40 482 573 167 45 13 13 100 92 15 12 344 94 23 23 50 302 15 22 547 231 21 13 343 88 26 35 96 203 8 8 35 250 16 18 285 440 24 21 254 440 7 7 468 377 23 17 375 23 13 12 217 433 7 7 549 180 8 12 530 310 6 6 314 441 6 6 342 157 12 10 472 381 15 9 115 394 7 7 222 228 5 5 319 452 8 9 122 387 7 7
samples/negative_unlabelled/n02675077_1888.jpg 1 151 67 9 9
samples/negative_unlabelled/n02675077_1983.jpg 12 223 115 8 17 27 28 487 487 23 584 487 487 219 66 39 39 329 681 6 6 246 810 39 38 216 64 44 44 132 249 31 31 332 125 7 7 215 622 39 39 213 619 44 44 135 256 28 19
samples/negative_unlabelled/n02675077_2272.jpg 4 16 6 269 270 96 121 9 9 184 126 9 9 118 151 9 9
samples/negative_unlabelled/n02675077_2895.jpg 2 286 162 21 19 297 106 22 23
samples/negative_unlabelled/n02675077_3003.jpg 7 238 128 22 22 163 89 8 7 278 167 8 8 140 128 24 24 107 88 8 11 82 111 12 12 85 114 6 6
samples/negative_unlabelled/n02675077_3121.jpg 1 176 134 10 14
samples/negative_unlabelled/n02675077_328.jpg 3 265 247 34 45 358 311 8 9 355 309 13 13
samples/negative_unlabelled/n02675077_3476.jpg 3 9 8 416 416 209 208 18 18 213 179 9 12
samples/negative_unlabelled/n02675077_3598.jpg 1 2 11 250 250
samples/negative_unlabelled/n02675077_3729.jpg 1 74 154 19 29
samples/negative_unlabelled/n02675077_397.jpg 4 58 32 202 202 62 35 195 196 214 64 13 13 51 25 218 218
samples/negative_unlabelled/n02675077_4266.jpg 1 186 176 120 120
samples/negative_unlabelled/n02675077_4440.jpg 4 5 7 363 363 287 206 8 11 185 262 8 8 214 142 8 7
samples/negative_unlabelled/n02675077_4672.jpg 22 384 365 7 7 343 256 7 7 390 247 8 8 159 20 8 7 284 179 8 8 340 317 7 7 35 149 9 9 93 84 9 9 394 59 7 7 229 102 8 8 97 303 8 8 382 300 19 19 96 9 8 8 444 123 7 7 344 191 7 7 227 33 8 8 93 158 9 9 157 92 8 8 38 297 8 8 390 119 14 14 36 224 9 9 183 208 12 14
samples/negative_unlabelled/n02675077_522.jpg 1 14 17 16 16
samples/negative_unlabelled/n02675077_650.jpg 1 87 87 23 23
samples/negative_unlabelled/n02675077_87.jpg 1 124 162 9 7
samples/negative_unlabelled/n02890188_1059.jpg 10 320 306 10 10 322 209 9 9 244 301 10 10 205 361 10 10 208 320 10 10 233 466 7 7 254 222 7 7 276 366 10 10 146 275 7 7 135 395 7 7
samples/negative_unlabelled/n02890188_1162.jpg 1 211 64 32 37
samples/negative_unlabelled/n02890188_1269.jpg 1 459 12 8 8
samples/negative_unlabelled/n02890188_1308.jpg 3 225 202 17 17 133 69 241 241 251 155 16 16
samples/negative_unlabelled/n02890188_139.jpg 6 270 19 51 51 91 92 12 20 37 108 6 6 273 24 43 43 71 200 7 7 49 201 7 8
samples/negative_unlabelled/n02890188_1461.jpg 8 389 357 8 8 403 335 7 7 377 359 9 9 411 245 10 8 422 233 9 10 240 138 12 12 248 152 12 12 116 188 13 11
samples/negative_unlabelled/n02675077_1415.jpg 2 6 1 174 176 58 55 65 65
samples/negative_unlabelled/n02675077_1596.jpg 1 30 42 13 13
samples/negative_unlabelled/n02675077_1069.jpg.pgm 7 131 128 236 234 139 228 75 75 293 219 20 20 295 223 16 12 270 363 6 6 142 231 71 71 243 233 23 23
samples/negative_unlabelled/n11691046_4978.jpg 6 300 400 10 11 20 428 7 10 40 463 7 7 357 470 7 7 73 430 6 6 366 479 6 6
samples/negative_unlabelled/n11691046_5396.jpg 1 409 193 5 5
samples/negative_unlabelled/n11691046_5585.jpg 1 111 220 10 10
samples/negative_unlabelled/n11691046_5821.jpg 1 200 19 11 15
samples/negative_unlabelled/n13007034_8738.jpg 3 373 248 19 11 277 260 12 14 172 272 8 7
samples/negative_unlabelled/n13007034_919.jpg 1 149 179 9 9
samples/negative_unlabelled/n13873502_10174.jpg 19 20 314 61 59 294 149 56 56 334 75 57 57 265 231 54 54 127 233 54 55 371 381 66 69 336 218 55 54 194 192 55 55 256 323 60 62 372 306 63 60 432 78 66 66 190 110 56 56 107 391 60 57 137 325 60 61 367 137 73 75 55 225 54 54 92 153 54 56 24 388 67 65 291 388 60 58
samples/negative_unlabelled/n13873502_10793.jpg 1 357 226 12 12
samples/negative_unlabelled/n13873502_11645.jpg 1 180 82 264 264
samples/negative_unlabelled/n13873502_11985.jpg 8 504 107 13 13 538 137 15 16 567 218 13 17 275 195 14 16 459 87 14 14 426 355 14 17 361 89 19 19 408 79 19 19
samples/negative_unlabelled/n13873502_1212.jpg 3 17 75 282 282 28 86 257 257 32 90 250 250
samples/negative_unlabelled/n13873502_1225.jpg 5 134 51 216 216 215 137 52 52 199 114 86 86 186 101 112 112 172 89 139 139
samples/negative_unlabelled/n13873502_12416.jpg 1 245 272 6 6
samples/negative_unlabelled/n13873502_12859.jpg 1 320 105 109 95
samples/negative_unlabelled/n13873502_13876.jpg 5 131 8 52 52 259 8 51 51 195 8 51 51 68 8 52 52 3 7 52 52
samples/negative_unlabelled/n13873502_14021.jpg 2 145 304 14 23 403 280 31 42
samples/negative_unlabelled/n13873502_15325.jpg 2 330 161 147 143 22 160 142 142
samples/negative_unlabelled/n13873502_15599.jpg 7 361 273 6 8 178 158 13 9 362 225 20 23 161 207 6 9 235 148 8 8 454 211 5 5 198 140 7 7
samples/negative_unlabelled/n13873502_21090.jpg 4 182 30 252 283 258 114 98 114 240 93 134 155 193 56 229 231
samples/negative_unlabelled/n13873502_26278.jpg 2 83 83 331 331 221 221 55 55
samples/negative_unlabelled/n13873502_26858.jpg 3 179 179 9 7 203 180 10 7 174 71 5 5
samples/negative_unlabelled/n13873502_26998.jpg 21 94 117 16 19 96 499 9 9 522 563 18 18 79 120 6 13 139 548 16 7 186 544 6 6 108 45 11 14 43 152 6 6 39 529 6 6 306 563 17 18 326 564 18 16 454 575 6 6 331 566 7 12 24 549 6 6 242 529 6 6 343 521 15 15 302 517 18 17 378 144 15 15 242 521 6 6 382 148 7 7 242 494 18 17
samples/negative_unlabelled/n13873502_3888.jpg 3 190 174 114 114 48 33 393 386 229 210 33 33
samples/negative_unlabelled/n13873917_13085.jpg 1 345 174 9 12
samples/negative_unlabelled/n13873917_13308.jpg 1 85 54 322 286
samples/negative_unlabelled/n13873917_13479.jpg 10 951 1750 28 24 789 1743 32 38 792 1750 27 24 948 1744 33 37 279 1771 9 9 111 590 480 480 572 615 485 444 951 37 19 19 845 235 12 14 315 525 15 24
samples/negative_unlabelled/n13873917_14560.jpg 2 116 167 204 212 449 -3 6 14
samples/negative_unlabelled/n13873917_15001.jpg 1 118 138 214 212
samples/negative_unlabelled/n13873917_15103.jpg 2 280 481 11 11 331 481 11 11
samples/negative_unlabelled/n13873917_15422.jpg 1 91 22 326 326
samples/negative_unlabelled/n13873917_16261.jpg 1 213 182 76 73
samples/negative_unlabelled/n13873917_16446.jpg 1 15 15 466 467
samples/negative_unlabelled/n13873917_17280.jpg 1 299 200 89 89
samples/negative_unlabelled/n13873917_17474.jpg 8 108 328 7 7 431 250 6 6 409 321 7 9 277 303 11 11 300 286 7 5 71 192 12 12 341 32 20 20 403 159 5 5
samples/negative_unlabelled/n13873917_1803.jpg 1 87 13 308 310
samples/negative_unlabelled/n13873917_1928.jpg 1 203 306 36 36
samples/negative_unlabelled/n13873917_20793.jpg 1 217 303 18 18
samples/negative_unlabelled/n13873917_2107.jpg 23 374 258 61 61 265 140 52 52 438 15 41 42 138 259 49 51 142 142 52 49 381 264 49 48 341 5 44 44 337 201 43 44 138 28 54 54 436 203 42 42 229 201 45 45 335 100 43 43 437 105 43 41 390 142 51 52 262 265 51 51 266 29 53 53 19 256 49 49 25 196 42 42 22 34 50 50 331 290 42 42 337 2 52 52 384 137 63 63 210 147 37 37
samples/negative_unlabelled/n13873917_2147.jpg 1 44 34 28 28
samples/negative_unlabelled/n13873917_21867.jpg 2 171 135 99 121 353 114 21 21
samples/negative_unlabelled/n13873917_22110.jpg 1 240 295 6 6
samples/negative_unlabelled/n13873917_22273.jpg 3 141 91 169 169 149 282 14 14 219 144 36 36
samples/negative_unlabelled/n13873917_22835.jpg 1 139 269 87 50
samples/negative_unlabelled/n13873917_23168.jpg 4 154 163 191 191 98 106 301 301 112 118 278 278 231 248 22 21
samples/negative_unlabelled/n13873917_23661.jpg 1 171 106 144 144
samples/negative_unlabelled/n13873917_26285.jpg 2 305 24 65 76 24 122 8 13
samples/negative_unlabelled/n13873917_26747.jpg 4 98 28 265 258 198 162 18 18 200 131 18 18 219 145 26 26
samples/negative_unlabelled/n13873917_8468.jpg 3 256 151 58 49 199 113 42 60 182 96 75 92
samples/negative_unlabelled/n13873917_8627.jpg 1 77 12 8 8
samples/negative_unlabelled/n13873917_8772.jpg 1 162 48 160 100
samples/negative_unlabelled/n13873917_9399.jpg 1 188 176 129 129
samples/negative_unlabelled/n13874073_10478.jpg 3 581 302 67 66 332 399 8 8 159 1259 11 11
samples/negative_unlabelled/n13874073_11038.jpg 1 15 127 6 6
samples/negative_unlabelled/n13874073_12262.jpg 2 122 118 15 15 141 93 14 14
samples/negative_unlabelled/n13874073_14020.jpg 5 180 317 7 7 96 317 7 7 168 98 7 7 444 74 8 8 487 186 7 9
samples/negative_unlabelled/n13874073_17864.jpg 3 147 142 27 27 241 146 18 18 267 141 8 8
samples/negative_unlabelled/n13874073_1967.jpg 2 74 279 14 14 439 10 36 36
samples/negative_unlabelled/n13874073_7948.jpg 1 270 441 7 7
samples/negative_unlabelled/n13874073_9920.jpg 1 235 10 35 32
samples/negative_unlabelled/n13875392_10654.jpg 1 280 123 67 83
samples/negative_unlabelled/n13875392_14109.jpg 12 471 111 9 9 43 31 37 37 362 277 10 10 526 323 39 41 44 118 15 18 390 95 10 12 304 75 6 6 248 47 12 12 467 50 17 17 47 123 9 9 350 34 6 6 31 83 8 10
samples/negative_unlabelled/n13875392_145.jpg 4 372 177 9 9 116 178 9 9 104 222 10 10 82 250 11 11
samples/negative_unlabelled/n13875392_32771.jpg 8 227 43 6 6 219 42 6 6 222 77 11 10 368 350 6 6 214 87 10 10 439 269 8 8 66 287 11 9 481 351 8 8
samples/negative_unlabelled/n13875392_33557.jpg 1 68 129 6 6
samples/negative_unlabelled/n13875392_34469.jpg 1 337 305 9 9
samples/negative_unlabelled/n13875392_34671.jpg 4 83 224 61 61 87 229 53 53 454 257 12 5 22 121 8 8
samples/negative_unlabelled/n13875392_34899.jpg 3 274 196 56 44 89 185 40 55 90 248 51 36
samples/negative_unlabelled/n13875392_35256.jpg 1 180 125 68 66
samples/negative_unlabelled/n13875392_37174.jpg 1 420 272 9 13
samples/negative_unlabelled/n13875392_38257.jpg 1 154 5 13 13
samples/negative_unlabelled/n13875392_38740.jpg 1 409 349 8 8
samples/negative_unlabelled/n13875392_40102.jpg 1 286 281 5 5
samples/negative_unlabelled/n13875392_42640.jpg 3 175 175 26 25 181 181 14 14 256 192 8 8
samples/negative_unlabelled/n13875392_43565.jpg 6 911 1252 61 60 1001 1240 89 93 897 1236 89 92 1016 1258 60 60 952 189 8 9 1669 1251 6 7
samples/negative_unlabelled/n13875392_43925.jpg 1 100 147 53 40
samples/negative_unlabelled/n13875392_44660.jpg 4 219 115 7 7 128 208 8 8 65 211 8 8 409 220 12 8
samples/negative_unlabelled/n13875392_45801.jpg 2 208 159 13 13 226 91 15 15
samples/negative_unlabelled/n13875392_46308.jpg 23 303 196 9 9 395 209 14 14 400 181 14 13 329 223 13 15 394 153 13 15 380 129 12 13 373 202 9 9 374 163 9 9 145 116 13 16 376 184 9 9 94 156 15 15 97 75 13 8 170 187 15 9 71 114 13 15 301 318 8 8 75 89 13 14 294 298 9 9 400 282 14 10 185 244 14 14 387 297 12 13 394 347 13 12 369 345 8 8 94 226 10 14
samples/negative_unlabelled/n13875392_481.jpg 1 312 325 6 6
samples/negative_unlabelled/n13875392_49805.jpg 2 180 105 144 113 253 136 36 34
samples/negative_unlabelled/n13875392_50800.jpg 1 204 149 68 51
samples/negative_unlabelled/n13875392_51139.jpg 1 165 98 275 165
samples/negative_unlabelled/n13875392_51420.jpg 3 296 18 9 9 357 239 10 8 366 21 9 9
samples/negative_unlabelled/n13875392_52618.jpg 23 127 145 7 7 122 156 7 7 117 168 7 7 123 178 15 11 149 135 15 18 143 131 7 7 222 64 8 6 107 190 7 7 188 70 8 6 191 105 7 7 157 169 10 8 115 195 10 8 233 66 6 6 145 93 7 7 123 98 7 7 155 87 7 7 139 106 11 9 152 100 14 12 134 96 7 7 108 213 11 8 103 226 8 10 94 305 7 7 91 297 7 7
samples/negative_unlabelled/n13875392_54580.jpg 1 80 271 43 41
samples/negative_unlabelled/n13875392_56007.jpg 1 222 280 10 10
samples/negative_unlabelled/n13875392_58717.jpg 1 267 319 14 12
samples/negative_unlabelled/n13875392_61214.jpg 2 130 82 6 6 100 85 6 6
samples/negative_unlabelled/n13875392_61801.jpg 4 94 211 55 48 424 280 38 48 186 47 9 9 242 34 21 21
samples/negative_unlabelled/n13875392_63077.jpg 3 227 187 11 11 357 282 7 7 142 82 8 9
samples/negative_unlabelled/n13875392_63787.jpg 3 227 94 61 61 302 292 7 7 27 266 8 8
samples/negative_unlabelled/n13875392_64306.jpg 4 321 160 19 17 251 103 22 23 174 192 23 25 250 313 20 17
samples/negative_unlabelled/n13875392_64952.jpg 3 350 145 13 13 284 101 18 11 259 131 7 9
samples/negative_unlabelled/n13875392_66489.jpg 12 345 239 10 15 381 220 9 9 388 244 16 12 333 316 17 12 467 154 13 10 425 195 15 11 348 345 19 15 469 239 14 18 451 287 18 18 340 136 6 6 82 320 6 6 157 141 8 6
samples/negative_unlabelled/n13875392_74025.jpg 2 407 72 11 8 391 145 8 8
samples/negative_unlabelled/n13875392_74504.jpg 3 225 80 11 11 133 166 9 15 231 67 8 8
samples/negative_unlabelled/n13875392_7708.jpg 2 15 44 25 26 84 51 16 17
samples/negative_unlabelled/n13875392_8494.jpg 1 180 117 134 134
samples/negative_unlabelled/n13875392_9637.jpg 2 61 136 8 8 181 126 8 8
samples/negative_unlabelled/n13875392_9828.jpg 1 30 56 11 11
samples/negative_unlabelled/n13902336_10291.jpg 1 292 275 31 40
samples/negative_unlabelled/n13902336_10575.jpg 2 192 260 70 53 339 74 6 18
samples/negative_unlabelled/n13902336_11390.jpg 5 275 216 69 39 295 149 71 38 212 250 72 38 149 225 63 49 219 157 39 38
samples/negative_unlabelled/n13902336_12030.jpg 2 140 214 70 63 417 192 59 59
samples/negative_unlabelled/n13902336_12274.jpg 1 27 78 303 325
samples/negative_unlabelled/n13902336_1255.jpg 1 215 131 18 18
samples/negative_unlabelled/n13902336_12929.jpg 2 199 367 12 11 166 389 10 12
samples/negative_unlabelled/n13902336_13160.jpg 1 213 94 174 174
samples/negative_unlabelled/n13902336_13343.jpg 1 146 33 272 251
samples/negative_unlabelled/n13902336_13576.jpg 1 208 60 135 135
samples/negative_unlabelled/n13902336_14067.jpg 6 295 159 26 27 258 124 26 28 98 7 322 342 220 205 27 27 272 208 27 26 241 160 48 48
samples/negative_unlabelled/n13902336_14595.jpg 1 485 132 8 5
samples/negative_unlabelled/n13902336_14986.jpg 6 336 74 24 24 91 233 21 27 20 6 157 150 267 8 158 153 386 224 28 19 341 146 119 193
samples/negative_unlabelled/n13902336_1524.jpg 4 389 238 47 47 433 221 15 15 22 300 10 10 384 216 15 15
samples/negative_unlabelled/n13902336_15937.jpg 13 45 214 11 11 43 245 11 11 82 363 11 11 101 104 11 11 65 337 11 11 45 277 11 11 127 407 11 11 439 274 11 9 307 433 11 11 183 435 11 11 53 307 11 11 117 422 9 10 242 46 11 11
samples/negative_unlabelled/n13902336_16451.jpg 3 36 100 299 287 177 270 20 24 207 224 10 10
samples/negative_unlabelled/n13902336_1656.jpg 1 247 145 206 172
samples/negative_unlabelled/n13902336_17527.jpg 9 436 183 5 5 4 288 25 24 141 242 10 10 212 189 11 8 178 208 8 8 252 112 8 8 185 184 9 9 31 241 11 11 228 187 9 6
samples/negative_unlabelled/n13902336_17572.jpg 4 76 140 54 57 265 78 18 18 36 17 7 7 190 22 6 7
samples/negative_unlabelled/n13902336_17787.jpg 1 204 15 27 21
samples/negative_unlabelled/n13902336_17935.jpg 1 180 168 100 129
samples/negative_unlabelled/n13902336_18143.jpg 2 154 84 174 174 207 138 68 68
samples/negative_unlabelled/n13902336_19130.jpg 4 264 37 125 134 112 34 134 101 37 103 139 164 98 181 25 25
samples/negative_unlabelled/n13902336_19439.jpg 11 103 188 49 46 84 57 46 49 102 106 73 73 187 94 6 6 47 129 48 49 113 83 6 6 199 169 5 5 79 150 7 7 183 158 34 34 106 111 64 64 171 81 35 35
samples/negative_unlabelled/n13902336_19736.jpg 8 165 267 70 69 173 132 120 121 170 129 127 128 287 87 70 70 82 160 71 71 292 221 69 69 196 297 7 7 117 198 7 7
samples/negative_unlabelled/n13902336_19867.jpg 2 163 71 38 38 302 245 6 6
samples/negative_unlabelled/n13902336_20157.jpg 6 100 54 252 249 194 166 5 5 192 187 12 12 205 145 11 12 206 161 39 39 201 141 19 19
samples/negative_unlabelled/n13902336_20331.jpg 3 328 187 10 10 320 150 34 34 224 30 269 271
samples/negative_unlabelled/n13902336_20734.jpg 2 65 230 257 257 110 144 56 60
samples/negative_unlabelled/n13902336_2098.jpg 1 246 232 52 50
samples/negative_unlabelled/n13902336_21130.jpg 2 21 97 334 264 172 237 38 42
samples/negative_unlabelled/n13902336_2156.jpg 1 206 121 153 153
samples/negative_unlabelled/n13902336_21984.jpg 1 82 125 129 170
samples/negative_unlabelled/n13902336_22150.jpg 1 78 159 122 117
samples/negative_unlabelled/n13902336_22453.jpg 1 230 171 36 29
samples/negative_unlabelled/n13902336_22679.jpg 2 231 106 96 155 285 187 11 11
samples/negative_unlabelled/n13902336_23161.jpg 1 194 187 34 33
samples/negative_unlabelled/n13902336_23896.jpg 3 144 50 209 257 127 83 240 184 239 169 26 23
samples/negative_unlabelled/n13902336_24072.jpg 1 346 21 13 14
samples/negative_unlabelled/n13902336_24414.jpg 3 271 206 21 28 189 98 177 239 418 305 7 7
samples/negative_unlabelled/n13902336_24596.jpg 2 270 221 101 111 306 265 6 9
samples/negative_unlabelled/n13902336_2557.jpg 13 112 16 269 269 231 107 19 19 296 109 6 6 273 130 11 11 206 140 12 12 204 214 5 5 266 171 11 11 236 111 11 11 226 132 40 40 174 135 4 4 170 148 4 4 225 178 11 11 354 40 9 8
samples/negative_unlabelled/n13902336_25890.jpg 1 483 12 10 10
samples/negative_unlabelled/n13902336_26056.jpg 1 226 163 78 80
samples/negative_unlabelled/n13902336_26579.jpg 3 226 141 48 48 212 193 19 19 129 110 5 5
samples/negative_unlabelled/n13902336_26803.jpg 3 129 111 11 11 142 93 10 10 145 109 4 4
samples/negative_unlabelled/n13902336_27013.jpg 1 199 191 16 14
samples/negative_unlabelled/n13902336_27228.jpg 5 207 311 12 12 298 335 12 12 386 300 12 12 375 53 13 13 410 86 12 12
samples/negative_unlabelled/n13902336_27665.jpg 1 87 32 310 312
samples/negative_unlabelled/n13902336_27844.jpg 4 156 36 296 255 160 6 286 311 418 314 9 9 262 165 8 8
samples/negative_unlabelled/n13902336_28171.jpg 3 73 43 323 316 230 155 27 27 187 177 28 28
samples/negative_unlabelled/n13902336_28315.jpg 4 232 137 11 11 213 124 11 11 200 143 11 11 155 78 135 135
samples/negative_unlabelled/n13902336_28501.jpg 1 2 3 493 493
samples/negative_unlabelled/n13902336_29212.jpg 1 270 218 7 8
samples/negative_unlabelled/n13902336_29371.jpg 1 233 480 6 6
samples/negative_unlabelled/n13902336_29881.jpg 2 161 238 43 48 176 250 16 16
samples/negative_unlabelled/n13902336_30108.jpg 8 194 150 185 175 348 219 18 24 71 243 12 15 81 59 23 29 303 167 28 13 120 212 14 14 269 219 31 30 265 90 11 11
samples/negative_unlabelled/n13902336_3053.jpg 2 33 113 6 6 421 248 50 56
samples/negative_unlabelled/n13902336_30773.jpg 1 147 292 10 10
samples/negative_unlabelled/n13902336_30946.jpg 6 198 138 25 25 196 191 16 16 235 207 27 27 251 134 16 16 202 144 16 16 241 211 16 16
samples/negative_unlabelled/n13902336_31278.jpg 1 118 49 285 283
samples/negative_unlabelled/n13902336_31553.jpg 2 83 65 286 286 471 357 12 12
samples/negative_unlabelled/n13902336_32020.jpg 1 354 285 9 6
samples/negative_unlabelled/n13902336_32231.jpg 2 89 178 218 186 189 263 27 24
samples/negative_unlabelled/n13902336_32445.jpg 1 227 236 24 24
samples/negative_unlabelled/n13902336_3275.jpg 1 230 229 54 54
samples/negative_unlabelled/n13902336_33068.jpg 1 165 239 41 47
samples/negative_unlabelled/n13902336_33484.jpg 2 347 78 9 54 226 211 24 31
samples/negative_unlabelled/n13902336_33806.jpg 4 144 82 195 201 115 312 5 5 221 214 9 9 256 206 8 8
samples/negative_unlabelled/n13902336_3401.jpg 7 511 306 26 31 260 86 426 475 422 264 27 34 427 358 7 9 522 287 9 7 407 307 9 9 469 260 8 10
samples/negative_unlabelled/n13902336_34408.jpg 2 235 178 16 16 224 147 17 17
samples/negative_unlabelled/n13902336_34612.jpg 1 336 144 11 11
samples/negative_unlabelled/n13902336_34789.jpg 4 211 58 38 38 343 12 62 62 329 260 35 35 299 103 5 5
samples/negative_unlabelled/n13902336_3496.jpg 1 294 105 19 19
samples/negative_unlabelled/n13902336_35477.jpg 1 461 291 8 9
samples/negative_unlabelled/n13902336_36903.jpg 2 227 160 14 14 216 99 14 9
samples/negative_unlabelled/n13902336_37370.jpg 1 77 54 307 304
samples/negative_unlabelled/n13902336_37532.jpg 1 376 143 13 13
samples/negative_unlabelled/n13902336_37743.jpg 1 136 92 245 246
samples/negative_unlabelled/n13902336_38110.jpg 6 250 180 25 26 183 139 26 25 215 112 26 27 222 117 12 14 219 116 19 18 255 183 17 19
samples/negative_unlabelled/n13902336_38279.jpg 1 250 181 57 48
samples/negative_unlabelled/n13902336_40514.jpg 1 186 40 281 241
samples/negative_unlabelled/n13902336_4154.jpg 2 449 135 15 12 439 203 9 9
samples/negative_unlabelled/n13902336_41893.jpg 5 363 239 8 8 170 68 241 240 259 277 8 8 176 75 228 228 438 320 14 14
samples/negative_unlabelled/n13902336_4586.jpg 1 270 166 11 11
samples/negative_unlabelled/n13902336_4730.jpg 6 306 219 13 13 247 131 172 172 324 210 15 15 242 126 183 183 330 235 6 6 349 220 6 6
samples/negative_unlabelled/n13902336_5279.jpg 3 66 6 350 339 263 89 17 17 163 212 18 18
samples/negative_unlabelled/n13902336_590.jpg 3 105 82 211 205 93 70 235 230 199 153 8 8
samples/negative_unlabelled/n13902336_6028.jpg 4 166 89 192 193 132 58 260 259 143 71 234 233 93 194 22 21
samples/negative_unlabelled/n13902336_646.jpg 3 166 117 242 241 286 202 19 19 289 206 12 12
samples/negative_unlabelled/n13873502_26457.jpg 16 86 342 75 62 26 15 48 36 94 65 58 40 33 165 34 22 184 344 84 56 30 95 40 31 29 54 42 37 178 186 96 58 175 104 100 60 38 194 26 24 41 275 21 14 171 16 8 5 147 271 12 8 561 251 6 6 167 161 5 5 168 335 6 6
samples/negative_unlabelled/n13873502_2706.jpg 1 207 394 8 12
samples/negative_unlabelled/n13873502_6140.jpg 12 251 206 6 6 286 167 10 10 273 227 6 6 283 90 16 16 242 70 13 13 397 180 7 7 245 169 11 11 226 352 7 7 370 109 7 7 304 99 8 8 279 183 8 8 264 65 10 10
samples/negative_unlabelled/n13873917_26237.jpg 1 158 152 28 56
samples/negative_unlabelled/n13873917_4186.jpg 1 222 220 10 11
samples/negative_unlabelled/n13873917_4755.jpg 1 438 194 8 8
samples/negative_unlabelled/n13874073_3076.jpg 1 8 11 380 380
samples/negative_unlabelled/n13874073_5176.jpg 1 183 486 7 7
samples/negative_unlabelled/n13875392_31508.jpg 5 103 91 30 30 138 105 30 30 21 67 40 38 64 120 19 19 68 56 37 40
samples/negative_unlabelled/n13875392_31853.jpg 1 288 139 147 168
samples/negative_unlabelled/n13875392_33283.jpg 1 313 0 11 11
samples/negative_unlabelled/n13875392_33639.jpg 3 71 211 8 8 113 177 9 9 111 311 8 8
samples/negative_unlabelled/n13875392_35346.jpg 3 142 165 9 11 127 180 11 11 121 143 8 8
samples/negative_unlabelled/n13875392_36433.jpg 6 399 448 174 174 416 466 141 141 513 746 20 20 514 726 16 16 157 427 140 140 20 253 137 137
samples/negative_unlabelled/n13875392_39749.jpg 1 116 198 144 115
samples/negative_unlabelled/n13875392_43810.jpg 1 133 104 11 9
samples/negative_unlabelled/n13875392_443.jpg 2 610 398 10 8 596 400 13 13
samples/negative_unlabelled/n13875392_4472.jpg 2 284 686 17 13 594 294 10 7
samples/negative_unlabelled/n13875392_4494.jpg 3 333 369 9 9 586 464 7 7 338 340 8 8
samples/negative_unlabelled/n13875392_46513.jpg 1 18 29 192 190
samples/negative_unlabelled/n13875392_48236.jpg 2 148 89 6 6 213 53 6 6
samples/negative_unlabelled/n13875392_52032.jpg 2 143 192 18 23 255 124 18 20
samples/negative_unlabelled/n13875392_52352.jpg 3 364 98 31 31 150 197 6 12 142 71 9 15
samples/negative_unlabelled/n13875392_52726.jpg 2 331 205 8 8 199 195 8 8
samples/negative_unlabelled/n13875392_53871.jpg 1 68 250 9 9
samples/negative_unlabelled/n13875392_57603.jpg 1 387 26 10 10
samples/negative_unlabelled/n13875392_58862.jpg 1 74 293 11 13
samples/negative_unlabelled/n13875392_59771.jpg 6 313 216 15 21 346 202 14 21 302 245 21 14 329 192 15 21 387 195 13 20 378 163 15 20
samples/negative_unlabelled/n13875392_60194.jpg 1 204 140 139 127
samples/negative_unlabelled/n13875392_6047.jpg 1 307 207 13 23
samples/negative_unlabelled/n13875392_65424.jpg 1 300 159 15 14
samples/negative_unlabelled/n13875392_65954.jpg 1 299 69 21 48
samples/negative_unlabelled/n13875392_66914.jpg 1 236 376 9 13
samples/negative_unlabelled/n13875392_68505.jpg 1 64 72 25 29
samples/negative_unlabelled/n13875392_73156.jpg 1 260 169 61 67
samples/negative_unlabelled/n13875392_74516.jpg 1 184 120 203 206
samples/negative_unlabelled/n13875392_8152.jpg 2 296 8 12 12 265 8 12 12
samples/negative_unlabelled/n13875392_8581.jpg 2 70 145 17 17 314 66 18 15
samples/negative_unlabelled/n13875392_900.jpg 67 335 187 376 373 364 558 12 12 765 506 12 12 413 630 13 13 353 576 12 12 250 461 13 13 265 496 12 12 348 556 12 12 783 294 12 12 284 529 12 12 341 592 12 12 377 522 32 32 451 642 12 12 780 471 13 13 236 388 12 12 792 435 12 12 336 562 12 12 371 586 13 13 770 304 11 11 569 645 12 12 357 596 12 12 241 425 12 12 264 301 12 12 707 291 30 30 607 635 13 13 374 571 12 12 281 298 12 12 774 267 11 11 747 210 11 11 271 280 12 12 754 303 12 12 293 287 12 12 237 351 11 11 279 260 12 12 696 157 11 11 310 287 31 31 264 263 12 12 291 271 11 11 253 275 12 12 345 151 11 11 511 152 29 29 318 175 11 11 445 105 11 11 530 650 12 12 536 127 11 11 506 98 11 11 635 119 11 11 500 113 11 11 540 112 11 11 520 132 11 11 377 132 11 11 696 583 12 12 690 566 12 12 410 116 11 11 505 127 11 11 687 597 12 12 601 106 11 11 535 98 11 11 631 526 31 31 660 560 12 12 520 111 12 12 520 92 11 11 671 601 13 13 674 579 12 12 656 592 12 12 651 576 12 12 677 554 13 13
samples/negative_unlabelled/n13902336_10299.jpg 4 49 31 6 8 297 11 8 9 328 14 8 8 390 38 8 7
samples/negative_unlabelled/n13902336_10502.jpg 5 146 77 149 125 229 115 14 15 207 116 14 15 210 120 7 7 18 10 6 6
samples/negative_unlabelled/n13902336_10664.jpg 2 64 188 259 266 181 279 10 10
samples/negative_unlabelled/n13902336_11145.jpg 5 235 212 30 30 269 180 30 30 225 168 39 39 275 188 14 14 255 147 16 16
samples/negative_unlabelled/n13902336_11535.jpg 4 115 92 301 301 255 275 25 24 217 248 25 25 262 280 12 12
samples/negative_unlabelled/n13902336_1233.jpg 1 333 226 6 6
samples/negative_unlabelled/n13902336_12580.jpg 1 382 179 4 4
samples/negative_unlabelled/n13902336_12721.jpg 1 135 148 6 9
samples/negative_unlabelled/n13902336_12981.jpg 1 93 29 10 18
samples/negative_unlabelled/n13902336_13172.jpg 1 235 168 91 137
samples/negative_unlabelled/n13902336_1369.jpg 3 152 42 291 292 278 161 11 11 277 203 12 11
samples/negative_unlabelled/n13902336_14200.jpg 1 270 281 10 11
samples/negative_unlabelled/n13902336_14643.jpg 4 327 209 23 16 343 159 21 21 308 150 18 25 310 170 36 41
samples/negative_unlabelled/n13902336_16287.jpg 1 175 261 57 50
samples/negative_unlabelled/n13902336_16483.jpg 2 183 210 6 6 276 157 6 6
samples/negative_unlabelled/n13902336_16646.jpg 4 229 221 43 43 263 129 10 15 254 127 28 18 54 60 6 6
samples/negative_unlabelled/n13902336_16985.jpg 1 453 302 13 13
samples/negative_unlabelled/n13902336_17157.jpg 1 46 295 13 13
samples/negative_unlabelled/n13902336_17644.jpg 3 87 3 315 317 113 212 10 13 279 178 7 7
samples/negative_unlabelled/n13902336_17837.jpg 4 294 192 21 17 322 157 21 17 294 279 19 15 49 238 16 16
samples/negative_unlabelled/n13902336_18080.jpg 2 433 200 9 7 131 221 5 5
samples/negative_unlabelled/n13902336_18373.jpg 1 193 116 222 222
samples/negative_unlabelled/n13902336_18539.jpg 4 124 290 10 11 153 253 27 32 102 248 33 34 144 240 44 57
samples/negative_unlabelled/n13902336_18854.jpg 3 247 190 14 13 242 185 26 24 425 29 7 7
samples/negative_unlabelled/n13902336_19012.jpg 2 181 34 20 55 173 113 8 8
samples/negative_unlabelled/n13902336_19580.jpg 2 253 122 56 56 361 122 60 47
samples/negative_unlabelled/n13902336_19886.jpg 3 60 168 115 151 308 147 112 134 103 56 96 97
samples/negative_unlabelled/n13902336_20046.jpg 2 409 165 27 36 182 328 15 15
samples/negative_unlabelled/n13902336_20196.jpg 8 89 41 308 310 202 209 19 18 224 168 20 20 267 189 19 20 224 238 5 5 259 173 5 5 208 211 10 9 271 192 10 10
samples/negative_unlabelled/n13902336_2142.jpg 2 267 142 8 9 133 410 6 6
samples/negative_unlabelled/n13902336_21603.jpg 3 355 139 26 38 302 123 198 177 362 202 39 48
samples/negative_unlabelled/n13902336_21853.jpg 2 109 12 279 262 271 143 18 18
samples/negative_unlabelled/n13902336_22003.jpg 4 75 248 10 10 260 169 4 4 309 144 4 4 316 172 19 14
samples/negative_unlabelled/n13902336_2217.jpg 1 193 350 5 5
samples/negative_unlabelled/n13902336_22706.jpg 1 128 121 223 173
samples/negative_unlabelled/n13902336_23589.jpg 8 254 190 7 7 36 122 15 14 31 118 24 24 273 160 9 9 272 143 9 9 286 86 9 9 293 72 9 9 280 115 7 7
samples/negative_unlabelled/n13902336_23990.jpg 3 329 176 16 16 316 149 16 16 290 158 9 8
samples/negative_unlabelled/n13902336_24177.jpg 15 327 335 8 8 234 277 13 13 321 163 8 8 217 326 8 8 290 199 13 13 280 248 6 6 204 322 8 8 325 246 14 14 273 241 21 21 294 346 8 8 306 240 14 14 291 274 14 14 289 153 8 8 357 316 9 9 182 271 9 9
samples/negative_unlabelled/n13902336_24797.jpg 1 308 151 27 22
samples/negative_unlabelled/n13902336_24957.jpg 1 309 109 165 129
samples/negative_unlabelled/n13902336_25137.jpg 1 106 66 283 283
samples/negative_unlabelled/n13902336_25909.jpg 6 424 287 6 6 294 50 16 14 419 228 6 6 401 49 14 16 386 196 6 6 425 240 7 7
samples/negative_unlabelled/n13902336_2633.jpg 6 325 293 34 34 185 418 17 17 500 120 17 17 250 376 8 7 179 139 16 16 544 400 6 6
samples/negative_unlabelled/n13902336_26639.jpg 1 121 48 261 261
samples/negative_unlabelled/n13902336_26832.jpg 5 236 165 54 54 300 174 15 15 92 16 350 350 245 141 14 14 102 25 327 326
samples/negative_unlabelled/n13902336_27032.jpg 3 68 2 394 361 234 139 59 55 74 86 10 11
samples/negative_unlabelled/n13902336_27496.jpg 1 175 59 143 206
samples/negative_unlabelled/n13902336_27753.jpg 1 169 228 17 17
samples/negative_unlabelled/n13902336_27956.jpg 1 243 239 19 26
samples/negative_unlabelled/n13902336_28198.jpg 2 244 162 10 13 31 171 46 33
samples/negative_unlabelled/n13902336_28324.jpg 4 194 140 15 15 285 155 14 14 151 234 416 55 248 103 15 15
samples/negative_unlabelled/n13902336_28802.jpg 10 276 244 20 20 284 211 10 13 256 197 13 10 282 208 18 22 219 255 14 10 244 265 22 19 216 252 24 17 223 212 16 24 251 195 24 16 86 68 318 318
samples/negative_unlabelled/n13902336_29181.jpg 2 340 195 42 44 343 199 36 38
samples/negative_unlabelled/n13902336_2926.jpg 2 58 275 28 28 196 268 30 30
samples/negative_unlabelled/n13902336_29418.jpg 4 186 99 154 134 232 117 7 7 239 190 15 13 222 199 7 7
samples/negative_unlabelled/n13902336_30546.jpg 2 124 30 272 272 239 144 43 43
samples/negative_unlabelled/n13902336_30823.jpg 1 69 100 125 126
samples/negative_unlabelled/n13902336_3130.jpg 2 88 14 317 331 212 143 18 18
samples/negative_unlabelled/n13902336_32055.jpg 1 165 54 11 11
samples/negative_unlabelled/n13902336_3251.jpg 4 261 234 6 6 34 230 6 6 109 232 6 6 96 229 10 10
samples/negative_unlabelled/n13902336_3279.jpg 3 229 416 8 8 188 360 36 36 234 402 8 8
samples/negative_unlabelled/n13902336_33111.jpg 7 203 202 20 22 197 238 23 23 239 200 22 19 257 233 22 22 263 235 12 12 204 240 12 12 346 246 6 6
samples/negative_unlabelled/n13902336_33581.jpg 1 82 7 348 348
samples/negative_unlabelled/n13902336_34080.jpg 7 161 183 29 29 195 225 30 30 247 208 29 29 195 169 54 54 199 173 47 47 251 159 18 18 251 211 21 21
samples/negative_unlabelled/n13902336_34485.jpg 1 277 219 29 32
samples/negative_unlabelled/n13902336_3485.jpg 2 220 130 47 53 238 147 6 6
samples/negative_unlabelled/n13902336_3499.jpg 10 16 7 12 12 311 244 10 8 268 26 6 8 283 16 5 8 380 31 6 6 359 249 8 5 436 308 9 9 433 299 8 8 420 232 8 8 431 243 8 8
samples/negative_unlabelled/n13902336_35358.jpg 3 101 28 278 278 232 203 20 20 188 166 19 19
samples/negative_unlabelled/n13902336_35497.jpg 4 135 51 260 261 236 218 25 25 280 159 24 29 233 144 27 27
samples/negative_unlabelled/n13902336_35675.jpg 1 175 134 5 5
samples/negative_unlabelled/n13902336_36040.jpg 3 72 201 73 73 160 55 27 17 169 59 8 10
samples/negative_unlabelled/n13902336_37264.jpg 1 299 6 5 9
samples/negative_unlabelled/n13902336_37855.jpg 4 487 323 7 6 340 274 13 9 382 249 12 8 152 127 14 16
samples/negative_unlabelled/n13902336_38162.jpg 7 67 243 30 27 62 233 41 48 101 298 27 24 167 214 20 24 158 276 24 20 25 142 6 6 51 138 6 6
samples/negative_unlabelled/n13902336_3930.jpg 1 249 140 77 81
samples/negative_unlabelled/n13902336_41591.jpg 2 160 50 176 184 453 6 5 8
samples/negative_unlabelled/n13902336_4347.jpg 1 164 114 121 173
samples/negative_unlabelled/n13902336_4636.jpg 2 159 297 24 28 155 294 30 34
samples/negative_unlabelled/n13902336_4757.jpg 12 3 1 458 458 207 203 48 48 256 233 34 34 205 257 35 35 249 177 35 35 209 260 28 28 195 168 32 32 166 215 35 35 259 236 28 28 261 239 22 22 212 263 22 22 255 186 21 21
samples/negative_unlabelled/n13902336_4968.jpg 2 347 217 13 13 327 233 13 13
samples/negative_unlabelled/n13902336_5122.jpg 1 85 32 323 322
samples/negative_unlabelled/n13902336_5294.jpg 3 76 27 310 332 202 169 47 47 256 202 7 7
samples/negative_unlabelled/n13902336_5655.jpg 1 234 1 26 43
samples/negative_unlabelled/n13902336_6466.jpg 5 549 320 26 26 497 310 27 26 510 405 25 27 471 363 27 25 557 378 26 26
