samples/negative_unlabelled/n02675077_1074.jpg 2 23 22 28 28 2 1 70 70
samples/negative_unlabelled/n02675077_1262.jpg 1 46 38 19 19
samples/negative_unlabelled/n02675077_1476.jpg 19 712 796 31 40 580 521 28 24 862 900 30 37 558 521 27 25 575 1003 40 30 522 476 28 30 971 379 10 10 576 901 41 30 527 377 13 13 525 480 22 22 1312 529 29 24 519 521 12 12 1264 540 13 13 1296 529 12 12 1266 528 10 10 1038 1104 19 19 1137 549 5 5 1036 1102 24 24 922 371 15 15
samples/negative_unlabelled/n02675077_1600.jpg 10 56 0 396 371 179 102 20 23 93 29 319 299 98 34 308 289 233 123 7 7 283 141 18 26 352 169 7 7 84 25 337 308 91 28 322 303 133 315 9 9
samples/negative_unlabelled/n02675077_1712.jpg 6 193 194 15 15 314 162 5 5 188 91 8 8 94 147 7 7 217 94 8 8 140 105 8 8
samples/negative_unlabelled/n02675077_1823.jpg 12 413 130 15 15 410 126 21 21 239 36 14 14 236 33 20 20 74 114 15 15 264 37 6 6 71 111 21 21 242 136 11 11 282 103 8 8 280 101 13 13 305 325 18 16 385 227 8 11
samples/negative_unlabelled/n02675077_193.jpg 1 39 41 37 37
samples/negative_unlabelled/n02675077_2329.jpg 9 260 266 226 225 19 25 708 705 488 155 17 9 673 384 11 11 188 365 9 10 117 365 10 10 287 641 11 11 100 366 10 10 75 366 10 10
samples/negative_unlabelled/n02675077_2464.jpg 1 17 16 14 14
samples/negative_unlabelled/n02675077_262.jpg 1 444 499 9 11
samples/negative_unlabelled/n02675077_2764.jpg 1 326 173 8 9
samples/negative_unlabelled/n02675077_2941.jpg 9 157 297 6 6 155 217 11 11 109 190 6 6 106 243 11 11 107 290 6 6 155 85 12 12 155 336 12 12 183 265 10 10 304 185 12 11
samples/negative_unlabelled/n02675077_3029.jpg 2 325 328 26 25 198 204 276 276
samples/negative_unlabelled/n02675077_3145.jpg 2 107 107 122 122 204 166 7 7
samples/negative_unlabelled/n02675077_3516.jpg 7 376 234 22 24 319 168 12 10 296 141 12 12 320 202 7 7 288 285 27 27 386 179 12 12 268 252 10 10
samples/negative_unlabelled/n02675077_3682.jpg 9 309 49 20 18 120 173 13 12 252 45 19 24 252 51 19 12 91 155 14 10 89 110 5 7 386 257 13 9 222 342 11 11 379 218 7 7
samples/negative_unlabelled/n02675077_3762.jpg 2 3 1 141 141 58 57 30 30
samples/negative_unlabelled/n02675077_4220.jpg 2 7 14 163 163 51 29 25 25
samples/negative_unlabelled/n02675077_4284.jpg 2 244 11 179 178 27 11 179 180
samples/negative_unlabelled/n02675077_4347.jpg 1 194 187 20 17
samples/negative_unlabelled/n02675077_4449.jpg 1 13 11 23 23
samples/negative_unlabelled/n02675077_459.jpg 1 80 78 20 20
samples/negative_unlabelled/n02675077_537.jpg 3 157 190 11 11 0 0 316 316 141 140 36 36
samples/negative_unlabelled/n02675077_722.jpg 1 167 196 20 20
samples/negative_unlabelled/n02675077_877.jpg 8 358 11 207 211 531 101 19 19 5 10 215 208 100 98 24 25 450 99 24 26 181 101 19 19 453 102 19 21 102 101 20 20
samples/negative_unlabelled/n02890188_1212.jpg 7 186 83 6 6 210 202 24 17 177 88 6 6 169 85 6 6 176 78 6 6 247 203 24 16 153 136 6 6
samples/negative_unlabelled/n02890188_1272.jpg 1 193 321 41 27
samples/negative_unlabelled/n02890188_1335.jpg 14 118 216 9 9 118 249 9 9 347 278 11 11 132 288 10 10 169 282 10 10 318 244 10 10 195 313 10 10 168 179 16 17 375 158 10 7 226 214 10 10 374 57 7 6 215 15 5 8 68 180 7 9 88 146 8 8
samples/negative_unlabelled/n02890188_1462.jpg 1 140 100 27 27
samples/negative_unlabelled/n02890188_1515.jpg 22 284 96 12 14 335 137 10 10 118 139 22 24 326 312 8 8 326 158 10 10 314 48 10 10 320 121 10 10 67 252 8 6 84 212 11 9 190 243 17 17 379 284 8 8 112 275 13 9 246 298 9 11 331 98 10 10 370 214 8 8 100 312 8 8 112 137 34 29 142 180 18 18 117 216 15 15 392 217 8 8 379 263 8 8 397 254 8 8
samples/negative_unlabelled/n02890188_156.jpg 1 328 29 11 8
samples/negative_unlabelled/n02890188_1749.jpg 3 74 65 15 8 110 116 18 18 113 119 12 12
samples/negative_unlabelled/n02890188_1799.jpg 1 445 209 8 8
samples/negative_unlabelled/n02890188_1990.jpg 23 282 53 11 12 249 58 5 7 381 264 8 8 327 295 17 17 366 252 13 14 358 270 16 16 427 150 10 11 336 274 15 14 304 297 15 15 78 210 8 7 79 187 15 15 90 202 13 13 185 306 18 17 92 169 11 13 270 317 9 9 167 304 9 9 225 321 16 16 284 309 18 18 95 232 14 14 144 289 17 17 213 184 9 10 209 323 9 9 192 189 7 7
samples/negative_unlabelled/n02890188_2035.jpg 2 134 228 28 21 206 271 37 44
samples/negative_unlabelled/n02890188_2126.jpg 27 348 199 10 10 370 333 8 8 329 260 8 8 350 321 8 8 308 198 9 10 327 197 10 10 62 417 10 10 359 301 8 8 363 351 8 8 303 456 25 25 361 468 10 10 203 479 15 15 366 374 14 14 346 270 14 14 115 414 14 14 309 461 14 14 342 265 25 25 114 470 10 10 86 425 10 10 112 163 18 18 359 414 9 9 243 313 40 40 86 446 10 10 127 193 9 9 59 64 12 12 88 468 11 11 115 166 12 12
samples/negative_unlabelled/n02890188_2198.jpg 6 207 283 16 16 233 392 8 8 224 383 6 6 110 373 58 57 401 383 12 12 236 372 8 8
samples/negative_unlabelled/n02890188_2219.jpg 6 309 307 19 19 218 321 19 19 218 208 18 18 166 71 33 33 99 3 10 10 103 234 16 13
samples/negative_unlabelled/n02890188_2255.jpg 3 444 6 8 5 478 8 7 7 327 220 8 8
samples/negative_unlabelled/n02890188_2304.jpg 1 408 84 5 5
samples/negative_unlabelled/n02890188_2385.jpg 2 50 96 11 11 101 193 6 10
samples/negative_unlabelled/n02890188_25.jpg 1 6 28 12 12
samples/negative_unlabelled/n02890188_2597.jpg 5 252 173 7 7 234 187 6 6 270 186 7 7 263 207 6 6 177 117 156 156
samples/negative_unlabelled/n02890188_2644.jpg 1 252 443 10 9
samples/negative_unlabelled/n02890188_2739.jpg 4 145 75 217 212 246 174 16 16 242 170 24 24 154 82 200 200
samples/negative_unlabelled/n02890188_2789.jpg 1 221 207 22 19
samples/negative_unlabelled/n02890188_2866.jpg 9 112 167 8 8 53 156 8 8 277 58 9 6 75 179 10 7 118 33 6 8 236 45 33 26 88 64 8 7 237 143 38 40 223 63 9 6
samples/negative_unlabelled/n02890188_2993.jpg 1 403 173 26 24
samples/negative_unlabelled/n02890188_3049.jpg 1 46 44 16 16
samples/negative_unlabelled/n02890188_3104.jpg 18 394 270 15 15 384 167 15 15 329 351 15 15 390 266 23 23 379 163 23 23 322 143 15 15 443 180 8 8 295 272 20 20 129 183 24 24 142 292 16 16 82 232 9 9 224 361 15 15 228 272 21 21 60 156 14 14 121 67 13 13 144 49 14 14 213 416 9 9 151 143 11 11
samples/negative_unlabelled/n02890188_3230.jpg 1 201 228 6 6
samples/negative_unlabelled/n02890188_3293.jpg 20 11 361 7 7 38 349 7 7 41 358 7 7 117 320 7 7 249 269 7 7 120 310 7 7 19 346 8 6 110 315 7 7 31 358 7 7 100 320 7 7 254 290 7 7 257 300 7 7 292 322 8 8 243 287 7 7 28 348 7 6 288 333 8 8 318 349 8 8 175 184 7 7 328 357 9 9 388 364 9 9
samples/negative_unlabelled/n02890188_3454.jpg 7 244 279 7 7 223 452 12 12 247 365 24 22 255 375 13 11 663 194 18 18 165 347 8 8 235 94 12 12
samples/negative_unlabelled/n02890188_3677.jpg 5 381 118 10 10 363 254 8 10 337 43 10 10 131 94 11 11 175 213 8 6
samples/negative_unlabelled/n02890188_3750.jpg 6 406 140 34 34 106 140 165 165 150 258 10 10 135 183 16 16 412 147 20 20 219 251 16 16
samples/negative_unlabelled/n02890188_3798.jpg 7 329 54 9 16 167 167 6 6 281 103 10 20 348 43 9 16 146 172 6 6 116 276 7 8 139 60 9 9
samples/negative_unlabelled/n02890188_3894.jpg 1 422 185 22 22
samples/negative_unlabelled/n02890188_4012.jpg 34 359 185 6 6 316 98 6 6 49 262 18 17 351 222 6 6 308 285 6 6 241 319 6 6 137 70 6 6 166 315 6 6 28 159 15 16 338 194 6 6 332 102 6 6 167 54 5 5 175 38 5 5 131 298 6 6 234 289 6 6 310 74 6 6 284 293 6 6 163 68 6 6 175 285 5 5 327 154 6 6 324 77 6 6 216 314 6 6 332 128 6 6 302 99 6 6 193 59 5 5 288 278 6 6 293 74 6 6 211 33 6 6 138 102 157 156 322 214 6 6 134 276 6 6 162 292 6 6 247 37 6 6 233 46 6 6
samples/negative_unlabelled/n02890188_4092.jpg 2 278 122 12 12 108 133 12 12
samples/negative_unlabelled/n02890188_4211.jpg 3 323 269 26 29 251 324 7 7 241 216 8 8
samples/negative_unlabelled/n02890188_4328.jpg 9 358 188 28 26 381 192 33 19 342 208 12 9 405 155 27 26 322 232 18 29 309 274 22 25 438 140 9 11 434 162 20 31 457 138 26 28
samples/negative_unlabelled/n02890188_4657.jpg 1 315 221 6 6
samples/negative_unlabelled/n02890188_4689.jpg 7 165 202 16 16 310 74 16 16 265 256 15 15 163 110 14 14 130 38 13 13 85 128 12 13 118 181 8 8
samples/negative_unlabelled/n02890188_4787.jpg 1 228 353 6 6
samples/negative_unlabelled/n02890188_4831.jpg 1 197 13 19 21
samples/negative_unlabelled/n02890188_4907.jpg 13 288 64 6 6 272 80 7 7 330 57 6 7 301 219 7 7 255 94 6 6 322 225 7 7 266 200 7 7 398 149 8 8 378 147 14 13 381 149 9 9 393 162 8 8 362 206 7 7 342 214 7 7
samples/negative_unlabelled/n02890188_4947.jpg 5 128 21 300 314 240 171 23 23 268 178 31 29 302 168 21 23 253 205 21 22
samples/negative_unlabelled/n02890188_4989.jpg 3 207 397 11 10 128 131 13 13 140 96 11 11
samples/negative_unlabelled/n02890188_5058.jpg 1 174 297 14 17
samples/negative_unlabelled/n02890188_5158.jpg 20 104 263 9 9 413 141 10 10 81 242 10 10 71 209 5 5 111 274 10 10 126 272 9 9 93 259 9 9 181 109 10 10 91 145 9 9 94 132 10 10 114 118 10 10 157 107 10 10 190 122 9 9 73 171 9 9 204 119 10 10 395 174 20 21 136 184 7 7 181 213 7 7 202 277 8 8 250 200 7 7
samples/negative_unlabelled/n02890188_5217.jpg 4 171 160 13 17 145 174 14 16 120 281 11 14 124 306 15 10
samples/negative_unlabelled/n02890188_5313.jpg 1 109 279 10 8
samples/negative_unlabelled/n02890188_5349.jpg 1 312 208 13 16
samples/negative_unlabelled/n02890188_5548.jpg 2 326 185 6 6 325 82 6 6
samples/negative_unlabelled/n02890188_5739.jpg 3 172 259 8 8 363 303 8 8 246 339 10 10
samples/negative_unlabelled/n02890188_5897.jpg 1 258 139 8 8
samples/negative_unlabelled/n02890188_5933.jpg 6 251 80 9 8 211 259 13 11 311 184 12 22 428 270 16 16 324 75 6 6 393 269 9 9
samples/negative_unlabelled/n02890188_5987.jpg 5 380 177 7 7 148 241 7 7 374 201 7 7 380 211 7 7 143 229 8 8
samples/negative_unlabelled/n02890188_6041.jpg 5 139 419 6 6 360 369 6 6 300 350 6 6 140 435 5 5 417 294 5 5
samples/negative_unlabelled/n02890188_6179.jpg 3 230 436 12 12 156 97 6 6 155 81 7 7
samples/negative_unlabelled/n02890188_6223.jpg 19 373 156 6 6 232 179 57 56 410 185 5 5 326 109 6 6 281 149 18 18 288 59 5 5 304 74 5 5 250 85 6 6 211 74 5 5 309 208 16 16 189 73 5 5 241 184 45 45 226 171 73 71 175 117 6 6 156 124 6 6 226 245 18 18 381 282 6 6 200 186 18 18 338 293 6 6
samples/negative_unlabelled/n02890188_6257.jpg 4 173 135 162 162 109 72 287 287 195 250 14 14 233 145 14 14
samples/negative_unlabelled/n02890188_6326.jpg 4 298 182 15 13 264 191 14 14 436 223 7 11 356 174 21 19
samples/negative_unlabelled/n02890188_6383.jpg 3 213 197 12 8 246 263 9 8 145 166 7 9
samples/negative_unlabelled/n02890188_6491.jpg 2 224 156 68 68 406 240 8 8
samples/negative_unlabelled/n02890188_6686.jpg 8 280 9 13 11 151 112 15 9 202 62 12 12 284 323 19 22 277 358 8 9 353 319 9 9 305 353 6 9 362 308 10 6
samples/negative_unlabelled/n02890188_681.jpg 3 214 348 20 20 238 155 15 10 445 320 17 21
samples/negative_unlabelled/n02890188_7050.jpg 27 349 237 52 55 426 313 56 56 250 294 53 53 423 165 9 9 305 302 108 108 440 159 8 8 378 410 56 56 273 398 52 57 391 181 8 8 379 156 9 9 316 312 86 86 280 406 26 26 365 168 9 9 394 146 8 8 361 133 8 8 206 183 8 8 207 201 8 8 387 418 25 25 433 320 25 25 355 248 26 26 358 251 19 19 430 191 8 8 439 483 8 8 236 186 8 8 183 264 15 14 239 168 8 8 287 414 10 10
samples/negative_unlabelled/n02890188_7079.jpg 1 361 79 8 11
samples/negative_unlabelled/n02890188_7115.jpg 1 374 143 5 5
samples/negative_unlabelled/n02890188_7153.jpg 17 78 221 10 18 63 233 7 8 128 168 8 6 111 165 9 15 93 183 7 5 162 148 8 8 268 442 10 5 78 238 6 9 239 135 15 16 122 159 9 6 174 139 10 16 137 156 13 15 210 131 11 15 85 314 16 23 68 306 15 15 198 138 9 14 302 141 7 7
samples/negative_unlabelled/n02890188_7185.jpg 2 269 142 10 7 412 145 29 29
samples/negative_unlabelled/n02890188_7334.jpg 3 282 185 9 8 221 220 19 19 241 153 19 20
samples/negative_unlabelled/n02890188_7396.jpg 1 152 57 19 14
samples/negative_unlabelled/n02890188_7498.jpg 1 224 134 26 13
samples/negative_unlabelled/n02890188_7540.jpg 14 48 135 17 13 173 236 18 12 140 198 12 19 57 152 17 14 89 170 18 12 70 169 11 18 210 242 15 15 26 132 13 17 118 206 15 15 267 258 12 17 102 188 17 13 231 259 17 12 245 244 12 16 287 273 17 13
samples/negative_unlabelled/n02890188_7610.jpg 2 473 136 10 10 422 170 9 9
samples/negative_unlabelled/n02890188_7708.jpg 1 58 82 388 359
samples/negative_unlabelled/n02890188_78.jpg 2 300 119 12 12 276 109 6 6
samples/negative_unlabelled/n02890188_792.jpg 2 349 151 50 50 133 134 17 18
samples/negative_unlabelled/n02890188_8064.jpg 12 76 239 10 10 65 185 11 11 82 153 8 8 74 169 7 7 207 206 29 34 107 283 9 9 166 54 13 13 77 205 7 7 100 269 7 7 151 312 8 9 202 325 9 7 294 354 10 10
samples/negative_unlabelled/n02890188_8224.jpg 5 28 27 23 26 383 293 20 23 271 168 22 24 345 203 24 20 201 90 25 22
samples/negative_unlabelled/n02890188_8350.jpg 1 288 152 32 31
samples/negative_unlabelled/n02890188_847.jpg 5 264 191 21 15 115 227 13 13 98 148 15 12 336 258 11 13 160 46 16 15
samples/negative_unlabelled/n02890188_8575.jpg 6 118 288 9 9 125 304 7 7 120 170 12 9 331 178 8 9 228 337 8 8 344 260 10 8
samples/negative_unlabelled/n02890188_8668.jpg 3 331 164 6 9 246 406 7 11 324 207 7 7
samples/negative_unlabelled/n02890188_890.jpg 1 265 301 12 7
samples/negative_unlabelled/n02890188_900.jpg 3 84 98 50 53 131 175 15 15 65 179 14 14
samples/negative_unlabelled/n02890188_9059.jpg 14 205 36 15 15 443 153 15 15 220 468 13 13 443 359 14 14 48 171 12 13 162 443 13 13 115 427 13 13 240 451 13 12 369 419 14 13 41 144 13 13 341 426 13 13 361 445 14 14 45 340 13 13 78 377 13 13
samples/negative_unlabelled/n02890188_9274.jpg 2 209 149 7 8 192 288 12 12
samples/negative_unlabelled/n02890188_960.jpg 1 434 164 12 12
samples/negative_unlabelled/n02890188_9692.jpg 4 307 144 27 27 185 221 8 8 195 282 10 10 262 189 7 7
samples/negative_unlabelled/n02890188_9948.jpg 2 262 154 10 10 257 87 9 9
samples/negative_unlabelled/n03032811_1100.jpg 7 102 307 8 8 162 262 9 11 196 277 9 9 201 285 11 7 215 309 8 8 119 277 10 8 222 220 10 10
samples/negative_unlabelled/n03032811_11450.jpg 2 43 35 236 236 39 31 243 244
samples/negative_unlabelled/n03032811_1306.jpg 26 25 35 256 255 63 99 14 26 61 200 10 11 57 97 27 29 46 151 14 12 159 237 5 5 105 223 5 5 118 231 5 5 142 237 5 5 225 134 5 5 228 166 5 5 209 210 4 4 175 233 5 5 214 204 5 5 140 82 5 5 81 120 5 5 228 149 5 5 173 84 5 5 73 143 5 5 91 108 5 5 204 189 8 8 165 83 5 5 121 208 8 8 221 126 5 5 151 224 7 7 97 102 5 5
samples/negative_unlabelled/n03032811_13704.jpg 26 390 300 16 17 415 251 15 17 396 153 17 14 376 287 43 43 398 242 45 38 403 192 41 39 407 246 29 29 359 115 17 12 174 335 24 22 354 112 29 21 110 356 14 14 253 80 18 13 252 74 23 27 304 266 6 6 470 398 10 11 86 100 6 6 425 450 9 9 327 192 7 7 198 88 18 15 424 93 19 16 94 122 13 13 59 197 12 15 291 412 10 11 108 59 12 11 197 184 6 6 207 26 11 11
samples/negative_unlabelled/n03032811_14624.jpg 1 160 242 261 261
samples/negative_unlabelled/n03032811_15093.jpg 2 44 44 263 263 275 130 10 10
samples/negative_unlabelled/n03032811_16284.jpg 1 82 45 13 13
samples/negative_unlabelled/n03032811_17471.jpg 18 102 2 538 538 393 159 10 10 430 119 9 9 299 395 8 8 404 504 5 5 309 501 5 5 303 255 12 10 482 55 5 5 253 481 5 5 122 279 5 5 270 51 5 5 253 230 12 9 575 397 5 5 524 452 5 5 542 436 5 5 347 362 11 11 420 316 12 9 380 204 10 9
samples/negative_unlabelled/n03032811_17973.jpg 1 125 210 70 70
samples/negative_unlabelled/n03032811_18682.jpg 2 443 398 12 14 40 410 13 11
samples/negative_unlabelled/n03032811_19294.jpg 3 321 541 38 50 465 102 10 8 579 111 9 9
samples/negative_unlabelled/n03032811_20563.jpg 4 102 103 111 111 216 196 9 11 166 283 11 5 35 166 6 6
samples/negative_unlabelled/n03032811_20962.jpg 8 380 5 12 12 382 8 7 7 258 10 6 6 325 8 7 7 352 8 7 7 322 5 12 12 187 1 17 17 227 253 10 10
samples/negative_unlabelled/n03032811_21547.jpg 3 332 231 17 17 303 284 16 18 182 70 365 450
samples/negative_unlabelled/n03032811_2251.jpg 1 527 151 17 12
samples/negative_unlabelled/n03032811_22795.jpg 1 228 91 20 18
samples/negative_unlabelled/n03032811_24717.jpg 1 319 128 9 6
samples/negative_unlabelled/n03032811_25110.jpg 1 286 365 5 5
samples/negative_unlabelled/n03032811_25308.jpg 3 22 108 8 8 45 296 8 8 4 304 8 8
samples/negative_unlabelled/n03032811_26567.jpg 2 82 13 339 335 140 69 217 221
samples/negative_unlabelled/n03032811_26891.jpg 1 432 49 8 6
samples/negative_unlabelled/n03032811_27364.jpg 1 353 19 8 8
samples/negative_unlabelled/n03032811_29766.jpg 6 246 204 25 25 236 193 42 42 216 244 6 6 298 190 6 6 189 144 125 125 252 154 6 6
samples/negative_unlabelled/n03032811_30327.jpg 3 101 31 243 261 138 79 37 21 266 111 25 23
samples/negative_unlabelled/n03032811_30980.jpg 2 287 131 6 6 92 479 10 10
samples/negative_unlabelled/n03032811_32420.jpg 4 20 324 9 9 390 359 5 10 44 192 13 11 92 289 7 7
samples/negative_unlabelled/n03032811_33160.jpg 1 109 24 10 11
samples/negative_unlabelled/n03032811_33479.jpg 2 372 156 17 17 383 57 19 19
samples/negative_unlabelled/n03032811_34560.jpg 1 259 167 22 22
samples/negative_unlabelled/n03032811_34850.jpg 3 456 365 4 6 488 358 6 9 176 313 9 9
samples/negative_unlabelled/n03032811_3909.jpg 8 22 203 5 4 210 72 17 17 242 133 17 17 143 75 17 17 67 126 7 7 257 196 16 18 168 17 18 17 53 15 19 18
samples/negative_unlabelled/n03032811_4559.jpg 1 201 386 8 7
samples/negative_unlabelled/n03032811_591.jpg 5 156 373 11 15 73 120 11 15 60 102 13 10 69 113 18 31 220 220 22 33
samples/negative_unlabelled/n03032811_6432.jpg 13 418 354 67 81 722 401 19 17 194 428 65 58 771 247 45 37 779 248 28 35 877 574 19 20 609 614 12 12 398 158 28 30 602 231 21 21 490 258 17 17 423 221 22 22 476 132 15 10 28 738 13 13
samples/negative_unlabelled/n03032811_9872.jpg 1 146 195 116 101
samples/negative_unlabelled/n03165955_5835.jpg 1 161 415 6 6
samples/negative_unlabelled/n03397947_10007.jpg 1 441 77 13 13
samples/negative_unlabelled/n03397947_10337.jpg 1 115 123 7 7
samples/negative_unlabelled/n03397947_10435.jpg 2 185 17 9 9 482 195 6 6
samples/negative_unlabelled/n03397947_10469.jpg 3 266 -1 9 11 357 -1 9 9 339 53 7 7
samples/negative_unlabelled/n03397947_10569.jpg 1 266 112 6 6
samples/negative_unlabelled/n03397947_10618.jpg 8 278 133 11 10 353 151 9 10 344 21 10 10 58 176 7 7 55 89 8 8 311 167 7 10 258 22 6 6 18 125 6 6
samples/negative_unlabelled/n03397947_10925.jpg 1 215 54 6 6
samples/negative_unlabelled/n03397947_1098.jpg 1 361 57 4 4
samples/negative_unlabelled/n03397947_11180.jpg 1 94 136 6 7
samples/negative_unlabelled/n03397947_11312.jpg 4 150 408 6 6 48 411 9 9 29 417 6 6 262 396 7 7
samples/negative_unlabelled/n03397947_11414.jpg 3 118 252 10 12 226 246 9 9 174 183 6 6
samples/negative_unlabelled/n03397947_1221.jpg 1 321 153 9 8
samples/negative_unlabelled/n03397947_129.jpg 1 249 188 19 17
samples/negative_unlabelled/n03397947_1542.jpg 1 389 207 10 10
samples/negative_unlabelled/n03397947_1611.jpg 1 144 150 7 7
samples/negative_unlabelled/n03397947_1740.jpg 1 335 184 14 20
samples/negative_unlabelled/n03397947_1872.jpg 4 259 8 9 9 490 27 6 6 476 230 14 16 469 266 8 8
samples/negative_unlabelled/n03397947_1918.jpg 1 251 21 6 6
samples/negative_unlabelled/n03397947_2303.jpg 3 42 140 9 9 252 237 7 8 30 151 9 12
samples/negative_unlabelled/n03397947_2469.jpg 1 454 110 13 15
samples/negative_unlabelled/n03397947_2527.jpg 2 433 281 6 10 452 178 9 9
samples/negative_unlabelled/n03397947_2626.jpg 8 319 166 40 33 217 344 34 33 293 344 18 22 116 269 22 34 306 155 21 20 248 184 10 10 363 221 18 18 231 125 25 25
samples/negative_unlabelled/n03397947_298.jpg 2 5 379 5 5 67 361 7 9
samples/negative_unlabelled/n03397947_3331.jpg 2 360 88 17 27 325 91 12 11
samples/negative_unlabelled/n03397947_395.jpg 1 68 60 14 14
samples/negative_unlabelled/n03397947_4272.jpg 2 46 73 6 6 388 61 6 6
samples/negative_unlabelled/n03397947_4456.jpg 1 196 131 11 11
samples/negative_unlabelled/n03397947_4515.jpg 1 207 303 7 7
samples/negative_unlabelled/n03397947_5284.jpg 1 223 241 6 6
samples/negative_unlabelled/n03397947_5487.jpg 1 20 119 7 8
samples/negative_unlabelled/n03397947_5528.jpg 1 353 5 7 7
samples/negative_unlabelled/n03397947_579.jpg 2 160 440 6 6 100 484 9 7
samples/negative_unlabelled/n03397947_6260.jpg 1 91 44 310 249
samples/negative_unlabelled/n03397947_6335.jpg 1 250 24 9 12
samples/negative_unlabelled/n03397947_6415.jpg 2 409 322 8 8 31 264 16 16
samples/negative_unlabelled/n03397947_6597.jpg 2 345 136 7 11 228 42 7 7
samples/negative_unlabelled/n03397947_6667.jpg 4 374 195 7 7 303 177 17 17 269 106 7 7 166 233 39 10
samples/negative_unlabelled/n03397947_696.jpg 4 204 187 38 38 466 215 15 8 339 241 9 9 481 200 7 7
samples/negative_unlabelled/n03397947_7444.jpg 1 65 5 364 367
samples/negative_unlabelled/n03397947_7548.jpg 3 227 6 8 8 333 241 6 6 319 119 6 6
samples/negative_unlabelled/n03397947_767.jpg 2 454 137 7 10 484 8 8 8
samples/negative_unlabelled/n03397947_7912.jpg 16 354 140 9 9 393 210 7 7 366 152 6 8 255 291 21 21 227 120 25 25 359 212 18 18 114 144 35 35 138 330 29 29 314 293 28 28 114 266 25 33 107 219 15 14 349 263 33 33 182 287 10 10 293 336 19 22 301 148 21 20 120 276 18 7
samples/negative_unlabelled/n03397947_8628.jpg 1 106 240 18 17
samples/negative_unlabelled/n03397947_8791.jpg 1 232 227 5 7
samples/negative_unlabelled/n03397947_8954.jpg 5 220 240 9 9 259 230 21 21 263 234 13 13 186 240 8 8 208 243 6 6
samples/negative_unlabelled/n03397947_9250.jpg 1 289 108 11 15
samples/negative_unlabelled/n03397947_9396.jpg 1 268 54 14 13
samples/negative_unlabelled/n03397947_9428.jpg 1 353 235 6 6
samples/negative_unlabelled/n03397947_9712.jpg 1 180 69 6 6
samples/negative_unlabelled/n03954393_1287.jpg 1 3 141 156 158
samples/negative_unlabelled/n03954393_1578.jpg 2 241 43 12 12 243 45 8 8
samples/negative_unlabelled/n03954393_1918.jpg 1 66 291 11 5
samples/negative_unlabelled/n03954393_2044.jpg 1 190 211 7 11
samples/negative_unlabelled/n03954393_2133.jpg 1 215 208 55 45
samples/negative_unlabelled/n03954393_2377.jpg 1 13 16 367 367
samples/negative_unlabelled/n03954393_2441.jpg 2 3 1 149 146 158 1 146 149
samples/negative_unlabelled/n03954393_2520.jpg 1 13 13 573 573
samples/negative_unlabelled/n03954393_2595.jpg 2 3 1 394 394 305 68 19 33
samples/negative_unlabelled/n03954393_2687.jpg 2 2 1 143 143 152 1 144 144
samples/negative_unlabelled/n03954393_2847.jpg 1 256 88 11 12
samples/negative_unlabelled/n03954393_3440.jpg 1 144 5 129 129
samples/negative_unlabelled/n03954393_3534.jpg 1 13 12 265 265
samples/negative_unlabelled/n03954393_380.jpg 1 253 1 238 243
samples/negative_unlabelled/n03954393_427.jpg 1 10 7 228 228
samples/negative_unlabelled/n03954393_4574.jpg 1 1 2 294 295
samples/negative_unlabelled/n03954393_4753.jpg 1 6 3 484 484
samples/negative_unlabelled/n03954393_4812.jpg 3 160 30 10 10 76 208 7 15 218 32 5 5
samples/negative_unlabelled/n03954393_4898.jpg 3 279 29 249 249 17 16 248 248 349 48 13 10
samples/negative_unlabelled/n03954393_5196.jpg 2 158 38 7 7 175 44 7 7
samples/negative_unlabelled/n03954393_5325.jpg 1 81 135 11 17
samples/negative_unlabelled/n03954393_5506.jpg 1 139 53 13 13
samples/negative_unlabelled/n03954393_5594.jpg 2 320 346 15 7 372 376 11 15
samples/negative_unlabelled/n03954393_5677.jpg 4 250 7 235 235 402 200 18 18 397 29 17 19 155 115 6 6
samples/negative_unlabelled/n03954393_5883.jpg 1 25 158 15 19
samples/negative_unlabelled/n03954393_5962.jpg 5 384 344 18 17 146 386 19 20 106 355 20 18 57 248 17 17 69 305 18 18
samples/negative_unlabelled/n03954393_6053.jpg 3 154 312 7 7 0 11 334 332 259 117 10 6
samples/negative_unlabelled/n03954393_6281.jpg 2 27 75 181 181 308 69 188 185
samples/negative_unlabelled/n03954393_6368.jpg 1 4 8 170 170
samples/negative_unlabelled/n03954393_6499.jpg 2 274 230 42 42 37 22 512 512
samples/negative_unlabelled/n03954393_6635.jpg 2 179 2 167 167 3 4 168 168
samples/negative_unlabelled/n03954393_6683.jpg 4 981 85 14 16 1059 272 9 6 5 0 590 596 607 9 585 585
samples/negative_unlabelled/n03954393_6760.jpg 1 3 3 488 488
samples/negative_unlabelled/n03954393_7059.jpg 1 346 324 10 7
samples/negative_unlabelled/n03954393_7188.jpg 2 97 504 449 448 109 18 453 449
samples/negative_unlabelled/n03954393_7316.jpg 1 8 9 199 202
samples/negative_unlabelled/n03954393_779.jpg 3 157 220 15 16 148 245 10 17 58 183 11 6
samples/negative_unlabelled/n03954393_8014.jpg 1 16 13 248 248
samples/negative_unlabelled/n03954393_8149.jpg 1 250 -1 235 238
samples/negative_unlabelled/n03954393_835.jpg 1 10 10 280 282
samples/negative_unlabelled/n03954393_862.jpg 1 0 3 148 146
samples/negative_unlabelled/n03954393_8714.jpg 1 8 2 409 412
samples/negative_unlabelled/n03954393_8863.jpg 2 14 12 369 374 273 316 17 17
samples/negative_unlabelled/n03954393_9096.jpg 1 373 99 12 16
samples/negative_unlabelled/n03954393_9686.jpg 1 5 6 481 477
samples/negative_unlabelled/n03954393_980.jpg 3 66 294 12 12 13 4 368 377 86 116 18 25
samples/negative_unlabelled/n03954393_9922.jpg 1 149 214 7 8
samples/negative_unlabelled/n04349189_116.jpg 1 8 12 158 160
samples/negative_unlabelled/n04349189_128.jpg 1 6 3 276 275
samples/negative_unlabelled/n04349189_1360.jpg 1 6 0 188 188
samples/negative_unlabelled/n04349189_1440.jpg 3 339 78 9 9 375 203 7 7 59 103 6 6
samples/negative_unlabelled/n04349189_1498.jpg 3 223 110 114 116 191 79 178 178 154 125 12 12
samples/negative_unlabelled/n04349189_1622.jpg 1 6 5 86 86
samples/negative_unlabelled/n04349189_1868.jpg 1 8 -1 268 268
samples/negative_unlabelled/n04349189_1963.jpg 1 2 254 7 7
samples/negative_unlabelled/n04349189_2214.jpg 2 236 219 79 82 215 197 124 120
samples/negative_unlabelled/n04349189_2332.jpg 2 24 31 369 369 458 95 282 278
samples/negative_unlabelled/n04349189_2482.jpg 5 224 91 10 10 195 82 9 9 132 334 11 11 185 341 10 10 183 180 7 7
samples/negative_unlabelled/n04349189_2717.jpg 3 173 107 126 125 132 67 207 207 332 74 31 31
samples/negative_unlabelled/n04349189_278.jpg 2 82 108 158 143 263 201 98 123
samples/negative_unlabelled/n04349189_2878.jpg 1 2 254 7 7
samples/negative_unlabelled/n04349189_3033.jpg 1 123 73 87 87
samples/negative_unlabelled/n04349189_3260.jpg 3 79 13 57 57 13 13 57 57 90 23 34 34
samples/negative_unlabelled/n04349189_335.jpg 1 4 5 88 88
samples/negative_unlabelled/n04349189_425.jpg 1 9 10 40 37
samples/negative_unlabelled/n04349189_534.jpg 2 32 17 29 29 1 17 28 28
samples/negative_unlabelled/n04349189_676.jpg 1 259 55 122 122
samples/negative_unlabelled/n04349189_79.jpg 1 95 34 325 325
samples/negative_unlabelled/n04448361_10183.jpg 1 47 57 296 300
samples/negative_unlabelled/n04448361_10240.jpg 1 52 25 387 388
samples/negative_unlabelled/n04448361_10317.jpg 1 5 -1 331 332
samples/negative_unlabelled/n04448361_10390.jpg 4 89 88 25 21 385 171 9 9 198 273 9 9 194 135 9 9
samples/negative_unlabelled/n04448361_10494.jpg 1 2 254 7 7
samples/negative_unlabelled/n04448361_10547.jpg 1 191 446 13 13
samples/negative_unlabelled/n04448361_10672.jpg 2 243 192 7 7 294 62 9 8
samples/negative_unlabelled/n04448361_10878.jpg 7 42 127 89 88 49 129 77 83 426 126 6 9 389 10 9 14 403 4 12 14 449 2 11 12 417 -1 11 10
samples/negative_unlabelled/n04448361_10940.jpg 1 1060 470 8 8
samples/negative_unlabelled/n04448361_11951.jpg 3 46 37 253 252 10 158 21 24 6 1 333 328
samples/negative_unlabelled/n04448361_12113.jpg 1 11 3 73 79
samples/negative_unlabelled/n04448361_12318.jpg 1 2 0 241 241
samples/negative_unlabelled/n04448361_12404.jpg 1 7 2 139 143
samples/negative_unlabelled/n04448361_12598.jpg 7 118 122 23 22 400 305 15 6 383 331 15 16 309 360 12 14 202 270 6 6 199 54 9 8 228 389 9 6
samples/negative_unlabelled/n04448361_1485.jpg 2 310 57 6 6 214 83 8 8
samples/negative_unlabelled/n04448361_1684.jpg 1 4 5 87 83
samples/negative_unlabelled/n04448361_2044.jpg 1 40 40 254 251
samples/negative_unlabelled/n04448361_2454.jpg 4 200 124 133 176 227 159 81 107 55 114 85 94 266 240 10 10
samples/negative_unlabelled/n04448361_2937.jpg 2 228 320 19 19 443 426 7 6
samples/negative_unlabelled/n04448361_3012.jpg 1 127 34 262 257
samples/negative_unlabelled/n04448361_334.jpg 1 95 34 325 325
samples/negative_unlabelled/n04448361_3426.jpg 1 156 168 12 12
samples/negative_unlabelled/n04448361_3614.jpg 3 210 246 78 67 313 185 13 7 319 162 7 13
samples/negative_unlabelled/n04448361_3692.jpg 2 385 11 359 359 8 9 358 359
samples/negative_unlabelled/n04448361_3832.jpg 2 242 105 8 6 78 116 15 15
samples/negative_unlabelled/n04448361_3958.jpg 3 106 160 40 54 404 165 48 48 354 97 11 11
samples/negative_unlabelled/n04448361_4412.jpg 6 626 150 7 7 1394 599 16 16 411 499 9 9 684 826 13 18 1170 291 7 9 275 537 11 8
samples/negative_unlabelled/n04448361_4490.jpg 3 2 301 6 6 232 209 14 14 16 23 6 6
samples/negative_unlabelled/n04448361_4636.jpg 1 227 443 7 7
samples/negative_unlabelled/n04448361_4750.jpg 1 217 147 61 59
samples/negative_unlabelled/n04448361_494.jpg 1 28 48 91 91
samples/negative_unlabelled/n04448361_5497.jpg 2 236 232 7 7 271 123 6 6
samples/negative_unlabelled/n04448361_5735.jpg 1 86 80 403 409
samples/negative_unlabelled/n04448361_5952.jpg 1 99 4 318 345
samples/negative_unlabelled/n04448361_6088.jpg 1 520 88 19 18
samples/negative_unlabelled/n04448361_6163.jpg 1 8 -1 331 334
samples/negative_unlabelled/n04448361_6571.jpg 1 12 14 129 123
samples/negative_unlabelled/n04448361_6793.jpg 1 4 1 334 328
samples/negative_unlabelled/n04448361_7012.jpg 1 8 -1 268 268
samples/negative_unlabelled/n04448361_7204.jpg 1 261 109 124 137
samples/negative_unlabelled/n04448361_7374.jpg 1 66 145 79 79
samples/negative_unlabelled/n04448361_7478.jpg 1 22 10 360 362
samples/negative_unlabelled/n04448361_7522.jpg 5 45 35 256 260 47 41 251 247 234 152 9 9 211 165 10 8 7 1 331 329
samples/negative_unlabelled/n04448361_7772.jpg 21 283 97 56 56 218 164 55 55 288 230 77 77 284 166 56 56 154 100 56 55 92 101 55 55 414 170 54 55 347 36 56 56 414 103 56 56 414 37 56 56 199 233 76 77 111 233 77 77 349 166 56 56 221 34 56 56 152 36 56 56 306 202 16 8 153 163 55 56 380 241 56 56 88 36 55 55 349 100 56 56 306 58 9 13
samples/negative_unlabelled/n04448361_8094.jpg 1 5 1 328 328
samples/negative_unlabelled/n04448361_8215.jpg 15 10 321 12 9 422 201 10 11 58 242 11 10 236 465 5 5 146 3 11 9 12 403 10 12 170 18 10 10 8 180 10 10 28 42 11 11 127 150 11 10 388 481 5 5 123 29 10 10 362 36 4 4 410 44 4 4 5 41 10 10
samples/negative_unlabelled/n04448361_8316.jpg 3 284 188 143 143 61 182 151 151 329 266 8 15
samples/negative_unlabelled/n04448361_844.jpg 2 874 81 32 23 437 460 24 24
samples/negative_unlabelled/n04448361_8623.jpg 1 64 239 9 9
samples/negative_unlabelled/n04448361_8836.jpg 3 142 59 264 259 180 95 187 188 199 95 17 13
samples/negative_unlabelled/n04448361_8951.jpg 1 7 1 332 332
samples/negative_unlabelled/n04448361_9117.jpg 4 31 136 10 10 14 225 10 10 433 219 6 6 432 13 17 12
samples/negative_unlabelled/n04448361_9182.jpg 1 14 102 108 103
samples/negative_unlabelled/n04448361_9327.jpg 1 57 116 10 11
samples/negative_unlabelled/n04448361_9558.jpg 1 44 42 250 247
samples/negative_unlabelled/n04448361_9761.jpg 2 352 166 9 9 325 175 13 16
samples/negative_unlabelled/n04448361_9846.jpg 1 10 9 342 342
samples/negative_unlabelled/n04448361_9987.jpg 3 180 39 5 5 275 83 6 6 176 46 6 6
samples/negative_unlabelled/n11691046_10131.jpg 5 380 298 10 7 392 433 18 18 94 431 14 14 346 213 19 19 274 453 20 20
samples/negative_unlabelled/n11691046_10865.jpg 2 241 44 10 14 401 4 6 7
samples/negative_unlabelled/n11691046_11258.jpg 1 431 288 12 12
samples/negative_unlabelled/n11691046_11854.jpg 1 227 194 10 10
samples/negative_unlabelled/n11691046_11934.jpg 3 264 11 13 11 311 11 13 13 181 11 13 11
samples/negative_unlabelled/n11691046_12028.jpg 1 217 167 8 8
samples/negative_unlabelled/n11691046_129.jpg 2 857 384 16 16 505 497 12 12
samples/negative_unlabelled/n11691046_13131.jpg 1 229 324 9 9
samples/negative_unlabelled/n11691046_13417.jpg 1 30 256 10 10
samples/negative_unlabelled/n11691046_1360.jpg 2 454 374 16 16 456 376 11 11
samples/negative_unlabelled/n11691046_13829.jpg 2 261 312 11 11 488 55 6 6
samples/negative_unlabelled/n11691046_13893.jpg 1 15 192 9 9
samples/negative_unlabelled/n11691046_14047.jpg 1 174 164 8 9
samples/negative_unlabelled/n11691046_14260.jpg 1 431 73 12 11
samples/negative_unlabelled/n11691046_15041.jpg 1 86 107 13 13
samples/negative_unlabelled/n11691046_15349.jpg 43 483 487 8 12 351 480 9 9 294 488 9 11 288 472 11 7 272 526 9 13 435 533 7 12 440 550 7 13 476 503 5 8 472 493 7 6 310 449 10 10 303 457 10 7 333 465 8 8 327 450 12 9 495 511 7 9 289 530 8 10 311 615 9 10 482 535 11 6 460 586 11 9 388 563 11 10 350 390 8 8 290 405 7 7 275 424 9 5 631 481 8 10 764 521 6 6 211 425 12 20 662 618 10 10 428 655 6 10 145 667 8 7 414 669 7 11 100 579 6 6 58 593 7 7 548 695 8 8 656 646 7 9 128 678 7 7 639 666 7 7 428 688 7 7 303 670 15 14 539 688 27 22 488 708 22 25 818 690 19 14 686 594 6 6 379 674 16 16 390 698 15 24
samples/negative_unlabelled/n11691046_16310.jpg 5 488 571 29 29 329 281 7 7 304 300 9 9 318 291 8 8 308 329 8 8
samples/negative_unlabelled/n11691046_16440.jpg 2 452 261 11 11 439 178 9 9
samples/negative_unlabelled/n11691046_16972.jpg 2 126 310 9 13 399 309 8 8
samples/negative_unlabelled/n11691046_17309.jpg 4 278 148 9 9 247 145 8 8 190 181 8 8 227 352 9 9
samples/negative_unlabelled/n11691046_18030.jpg 1 390 398 116 56
samples/negative_unlabelled/n11691046_18123.jpg 5 563 344 6 6 444 10 6 6 198 311 9 7 475 128 6 6 549 218 7 7
samples/negative_unlabelled/n11691046_21103.jpg 4 3 423 9 9 111 20 21 21 422 15 23 23 29 363 13 13
samples/negative_unlabelled/n11691046_21418.jpg 2 491 459 7 5 23 436 6 6
samples/negative_unlabelled/n11691046_23265.jpg 1 484 284 7 7
samples/negative_unlabelled/n11691046_23566.jpg 6 935 356 5 5 907 377 23 23 308 466 8 8 508 459 10 14 256 424 9 11 226 528 18 22
samples/negative_unlabelled/n11691046_23733.jpg 1 3 39 9 9
samples/negative_unlabelled/n11691046_26304.jpg 1 10 341 10 6
samples/negative_unlabelled/n11691046_4445.jpg 1 159 32 22 16
samples/negative_unlabelled/n11691046_460.jpg 1 397 146 13 13
samples/negative_unlabelled/n11691046_4788.jpg 1 522 455 8 10
samples/negative_unlabelled/n11691046_5488.jpg 2 199 292 8 8 128 28 8 8
samples/negative_unlabelled/n11691046_6121.jpg 3 276 199 9 8 238 36 7 7 122 269 10 10
samples/negative_unlabelled/n11691046_9258.jpg 1 868 606 13 13
samples/negative_unlabelled/n11692792_1223.jpg 1 339 263 14 16
samples/negative_unlabelled/n11692792_1413.jpg 1 110 60 11 14
samples/negative_unlabelled/n11692792_1510.jpg 1 74 486 20 20
samples/negative_unlabelled/n11692792_2131.jpg 1 188 19 7 16
samples/negative_unlabelled/n11692792_2181.jpg 2 124 474 13 13 129 440 11 10
samples/negative_unlabelled/n11692792_2742.jpg 1 252 205 16 16
samples/negative_unlabelled/n11692792_4311.jpg 1 -2 275 18 12
samples/negative_unlabelled/n11692792_4574.jpg 3 289 179 9 6 93 62 18 35 55 92 24 22
samples/negative_unlabelled/n11692792_5067.jpg 4 380 155 5 5 263 272 7 7 241 30 7 7 43 245 9 8
samples/negative_unlabelled/n11692792_5164.jpg 1 277 74 13 12
samples/negative_unlabelled/n11692792_5319.jpg 6 756 498 8 8 488 344 8 8 37 18 8 8 154 325 10 10 251 437 15 9 83 140 7 7
samples/negative_unlabelled/n11692792_5431.jpg 5 555 459 11 13 313 461 11 11 596 459 10 14 607 459 11 13 503 354 8 8
samples/negative_unlabelled/n11692792_5850.jpg 2 400 14 18 18 258 63 7 7
samples/negative_unlabelled/n11692792_5904.jpg 9 240 126 10 10 326 8 18 13 266 15 10 10 208 2 10 10 239 24 12 13 222 11 11 11 165 100 13 14 57 145 12 18 178 92 9 9
samples/negative_unlabelled/n11692792_6438.jpg 1 443 264 9 9
samples/negative_unlabelled/n11692792_6485.jpg 3 135 153 26 28 248 7 35 35 156 237 14 14
samples/negative_unlabelled/n11692792_7073.jpg 3 219 90 8 11 12 174 9 9 433 304 7 7
samples/negative_unlabelled/n11692792_7198.jpg 1 377 48 10 10
samples/negative_unlabelled/n11692792_7329.jpg 1 2 11 17 17
samples/negative_unlabelled/n11692792_7617.jpg 1 228 169 15 17
samples/negative_unlabelled/n11692792_7876.jpg 1 326 364 8 8
samples/negative_unlabelled/n13007034_10417.jpg 2 76 139 19 19 272 106 10 10
samples/negative_unlabelled/n13007034_10495.jpg 1 325 100 13 17
samples/negative_unlabelled/n13007034_10978.jpg 4 497 109 6 8 639 36 11 13 663 541 8 8 158 23 13 18
samples/negative_unlabelled/n13007034_11705.jpg 8 61 200 14 14 267 101 8 8 323 226 16 15 103 292 13 13 65 232 9 9 251 347 12 12 266 334 13 13 260 108 8 8
samples/negative_unlabelled/n13007034_12805.jpg 1 107 184 7 7
samples/negative_unlabelled/n13007034_14279.jpg 3 210 254 10 10 139 442 13 13 71 350 10 10
samples/negative_unlabelled/n13007034_14508.jpg 1 313 143 14 12
samples/negative_unlabelled/n13007034_15041.jpg 1 113 203 7 7
samples/negative_unlabelled/n13007034_15259.jpg 4 131 277 6 7 173 324 9 9 157 330 7 7 38 244 10 8
samples/negative_unlabelled/n13007034_15353.jpg 2 75 108 8 6 82 207 8 8
samples/negative_unlabelled/n13007034_15711.jpg 2 1 70 13 13 271 57 8 8
samples/negative_unlabelled/n13007034_1862.jpg 1 222 61 13 7
samples/negative_unlabelled/n13007034_3152.jpg 3 152 12 6 6 497 285 8 8 367 296 7 8
samples/negative_unlabelled/n13007034_3500.jpg 2 139 202 22 22 367 154 6 9
samples/negative_unlabelled/n13007034_4615.jpg 1 293 123 18 17
samples/negative_unlabelled/n13007034_4762.jpg 2 304 31 7 9 154 204 7 7
samples/negative_unlabelled/n13007034_4878.jpg 1 346 123 8 8
samples/negative_unlabelled/n13007034_499.jpg 3 383 174 18 18 452 161 9 13 483 166 10 10
samples/negative_unlabelled/n13007034_5038.jpg 1 109 167 15 19
samples/negative_unlabelled/n13007034_5540.jpg 2 160 271 28 16 70 247 13 21
samples/negative_unlabelled/n13007034_5673.jpg 3 359 231 9 9 163 298 12 10 266 341 10 10
samples/negative_unlabelled/n13007034_6188.jpg 2 746 61 9 9 491 34 7 7
samples/negative_unlabelled/n13007034_6720.jpg 1 309 108 12 12
samples/negative_unlabelled/n13007034_6825.jpg 1 65 528 7 7
samples/negative_unlabelled/n13007034_6871.jpg 2 414 308 19 22 454 197 11 9
samples/negative_unlabelled/n13007034_7006.jpg 1 26 137 10 10
samples/negative_unlabelled/n13007034_7084.jpg 2 294 66 15 10 420 45 6 6
samples/negative_unlabelled/n13007034_7420.jpg 1 131 232 10 10
samples/negative_unlabelled/n13007034_759.jpg 2 290 255 13 14 76 195 11 13
samples/negative_unlabelled/n13007034_8311.jpg 1 105 133 12 12
samples/negative_unlabelled/n13007034_9736.jpg 1 232 394 12 7
samples/negative_unlabelled/n13007034_9868.jpg 1 208 106 10 10
samples/negative_unlabelled/n13873502_10079.jpg 1 240 299 9 9
samples/negative_unlabelled/n13873502_10256.jpg 1 170 185 24 5
samples/negative_unlabelled/n13873502_10755.jpg 1 1 0 498 498
samples/negative_unlabelled/n13873502_11546.jpg 2 138 259 7 7 462 8 21 23
samples/negative_unlabelled/n13873502_11758.jpg 3 296 273 16 16 296 233 16 16 171 48 66 66
samples/negative_unlabelled/n13873502_11899.jpg 5 419 444 8 8 552 847 11 14 449 33 19 8 82 248 9 11 376 393 8 8
samples/negative_unlabelled/n13873502_1238.jpg 91 470 346 21 19 461 321 21 20 515 383 20 22 494 519 23 23 496 223 18 20 692 478 22 22 58 321 20 20 44 409 23 19 516 213 20 16 2 337 18 22 479 237 17 20 650 384 21 21 20 400 22 21 718 496 21 24 686 346 21 19 84 304 19 21 304 84 19 14 567 203 16 20 124 222 19 19 747 545 22 24 122 243 19 19 693 300 20 20 63 77 110 81 672 366 20 21 103 286 21 18 354 80 19 14 771 216 16 21 330 83 18 16 692 322 20 20 734 519 23 23 379 71 18 15 92 173 19 16 226 25 14 18 72 162 19 17 729 28 13 18 768 56 18 15 744 45 19 13 263 369 25 23 445 471 26 25 346 362 25 22 421 400 25 24 218 399 25 24 509 270 51 52 399 382 23 25 107 336 76 83 101 327 89 100 490 252 91 90 435 421 25 24 397 183 18 23 318 150 31 37 214 547 27 26 303 132 62 75 240 568 27 27 125 357 39 38 444 444 25 26 239 382 25 22 440 497 27 25 290 360 22 25 745 431 23 26 202 420 26 23 328 162 10 13 224 153 18 22 313 143 42 51 593 68 48 38 42 483 99 104 190 495 26 26 612 80 10 12 558 150 18 22 404 202 19 23 575 54 85 67 582 59 71 56 770 351 13 14 187 470 26 24 244 145 21 19 197 524 27 25 600 73 35 27 494 14 19 18 583 151 20 21 463 54 17 21 631 139 22 18 558 -2 16 20 515 4 15 20 533 1 20 17 156 65 18 21 212 60 72 80 175 223 20 23 657 42 20 16 604 5 15 21 623 17 20 17 462 71 16 22 172 31 16 21
samples/negative_unlabelled/n13873502_12560.jpg 81 447 185 30 30 21 185 30 30 96 225 48 48 354 225 48 48 400 190 46 46 225 354 48 48 306 275 33 33 267 154 33 33 274 106 48 48 134 316 48 48 437 314 30 30 155 389 46 46 16 250 30 30 423 124 30 30 250 316 33 33 52 190 46 46 274 54 46 46 384 144 46 46 106 274 48 48 344 274 48 48 405 370 30 30 234 15 30 30 178 54 46 46 30 154 30 30 85 74 30 30 316 134 48 48 452 250 30 30 329 37 30 30 68 144 46 46 250 402 46 46 296 175 33 33 58 285 46 46 382 394 30 30 85 394 30 30 234 452 30 30 169 175 33 33 30 314 30 30 63 370 30 30 382 74 30 30 314 206 33 33 371 328 46 46 328 431 30 30 139 431 30 30 133 74 46 46 318 74 46 46 80 328 46 46 139 37 30 30 48 238 46 46 182 302 33 33 338 364 46 46 393 285 46 46 237 220 23 23 151 206 33 33 220 237 23 23 283 302 33 33 45 343 30 30 114 364 46 46 134 134 48 48 403 238 46 46 274 344 48 48 317 241 33 33 266 266 35 35 280 231 35 35 447 282 30 30 214 316 33 33 201 18 30 30 202 402 46 46 452 217 30 30 16 217 30 30 21 282 30 30 96 104 46 46 423 343 30 30 255 237 23 23 237 255 23 23 298 442 30 30 356 104 46 46 63 97 30 30 231 280 35 35 266 18 30 30 357 53 30 30 111 53 30 30
samples/negative_unlabelled/n13873502_12830.jpg 2 94 269 15 6 322 322 7 8
samples/negative_unlabelled/n13873502_13483.jpg 6 54 102 12 11 137 118 11 11 352 183 9 9 247 172 7 7 363 21 5 5 174 91 120 120
samples/negative_unlabelled/n13873502_14067.jpg 6 140 228 18 18 192 227 30 30 268 159 22 19 315 357 8 8 312 261 10 10 357 252 12 13
samples/negative_unlabelled/n13873502_14176.jpg 4 242 309 5 5 441 341 7 7 249 299 5 5 275 372 12 12
samples/negative_unlabelled/n13873502_14514.jpg 9 133 147 10 10 136 134 10 9 70 232 8 8 58 268 9 9 99 234 11 11 106 191 8 8 91 246 9 9 70 207 9 9 86 259 11 11
samples/negative_unlabelled/n13873502_14919.jpg 1 196 65 18 18
samples/negative_unlabelled/n13873502_15280.jpg 6 250 234 75 75 173 234 75 75 97 270 84 84 250 326 84 84 207 80 84 84 163 326 84 84
samples/negative_unlabelled/n13873502_15360.jpg 1 92 129 69 69
samples/negative_unlabelled/n13873502_15663.jpg 1 26 40 441 425
samples/negative_unlabelled/n13873502_15859.jpg 327 354 329 32 32 450 442 28 28 229 280 24 24 300 469 15 15 395 30 31 31 178 295 43 43 406 65 10 10 407 273 10 10 135 174 23 23 420 222 8 8 325 306 33 33 459 401 41 41 71 128 27 27 218 351 19 19 351 392 10 10 124 35 26 26 459 127 12 12 9 80 34 34 32 109 35 35 266 174 8 8 405 421 13 13 347 418 11 11 192 505 12 12 514 131 19 19 502 174 25 25 416 234 44 44 392 366 53 53 207 522 12 12 296 521 19 19 473 119 37 37 174 186 8 8 417 310 12 12 268 338 28 28 526 151 14 14 295 432 17 17 154 5 17 17 29 350 8 8 247 398 18 18 399 491 14 14 438 153 20 20 229 372 10 10 489 499 18 18 304 193 75 75 34 239 9 9 511 307 17 17 346 486 18 18 196 101 23 23 244 159 20 20 140 295 23 23 512 332 19 19 239 419 32 32 222 503 39 39 233 159 9 9 133 417 40 40 322 441 43 43 415 477 12 12 50 44 12 12 86 65 33 33 525 68 16 16 133 99 53 53 460 163 15 15 351 148 50 50 478 197 36 36 166 240 34 34 346 274 29 29 129 358 41 41 174 393 16 16 262 481 44 44 85 46 9 9 417 69 20 20 517 203 29 29 214 239 26 26 161 282 20 20 119 427 10 10 308 507 11 11 407 500 45 45 384 8 20 20 168 154 15 15 208 174 10 10 536 471 10 10 1 482 20 20 90 493 52 52 370 34 21 21 502 98 25 25 70 207 93 93 386 202 32 32 338 364 15 15 95 357 32 32 361 411 41 41 306 451 11 11 31 25 9 9 279 296 22 22 130 348 10 10 110 478 11 11 480 479 14 14 246 205 19 19 300 265 10 10 397 319 8 8 34 327 10 10 19 338 10 10 337 344 15 15 326 382 12 12 136 402 14 14 132 15 17 17 97 42 20 20 289 148 49 49 251 300 15 15 491 350 12 12 54 373 25 25 304 397 40 40 293 460 10 10 124 467 20 20 176 512 13 13 361 13 19 19 267 41 22 22 15 247 18 18 383 238 30 30 378 278 29 29 44 332 19 19 502 398 29 29 398 140 20 20 250 144 13 13 164 334 27 27 441 353 8 8 453 341 35 35 67 416 9 9 153 37 9 9 219 85 14 14 20 123 8 8 25 141 13 13 511 234 18 18 492 283 16 16 192 391 41 41 3 387 8 8 78 413 24 24 381 471 15 15 382 489 13 13 42 17 12 12 452 56 22 22 232 98 19 19 215 118 32 32 183 172 18 18 297 199 10 10 521 255 22 22 492 255 26 26 361 309 12 12 496 434 16 16 418 447 29 29 319 75 16 16 515 87 8 8 341 73 39 39 286 107 25 25 59 184 19 19 441 331 13 13 244 354 15 15 380 395 10 10 347 405 9 9 514 430 14 14 208 434 27 27 460 514 11 11 267 144 9 9 444 219 13 13 307 317 10 10 67 439 29 29 508 451 20 20 172 455 46 46 309 493 9 9 262 7 30 30 65 47 17 17 426 51 15 15 176 84 23 23 483 97 10 10 71 173 9 9 403 169 35 35 192 187 42 42 510 504 13 13 477 57 37 37 82 100 26 26 478 159 19 19 101 165 9 9 489 316 23 23 90 327 23 23 28 360 25 25 98 443 8 8 171 449 10 10 524 491 17 17 249 111 28 28 50 145 21 21 247 184 8 8 75 203 12 12 293 212 9 9 224 308 13 13 528 322 9 9 219 380 8 8 448 382 9 9 233 394 10 10 110 188 14 14 436 275 52 52 377 312 10 10 248 336 10 10 450 25 14 14 117 61 10 10 432 94 33 33 435 130 14 14 527 168 9 9 458 208 16 16 13 269 8 8 399 307 9 9 197 343 16 16 492 369 22 22 159 474 9 9 81 475 21 21 469 526 9 9 217 156 13 13 238 193 11 11 281 228 21 21 54 261 9 9 367 112 12 12 422 131 10 10 5 149 22 22 186 145 25 25 161 186 10 10 482 272 8 8 318 333 10 10 533 397 11 11 445 477 34 34 291 24 26 26 308 130 11 11 514 158 9 9 81 183 18 18 425 286 9 9 259 317 8 8 266 326 11 11 390 348 9 9 76 359 9 9 255 380 14 14 429 418 27 27 525 46 10 10 293 136 10 10 244 238 16 16 43 256 9 9 304 278 9 9 491 302 10 10 476 327 9 9 153 402 11 11 62 35 10 10 36 160 14 14 483 236 14 14 264 236 8 8 326 288 16 16 382 371 8 8 111 419 9 9 282 468 9 9 362 477 9 9 509 483 14 14 76 37 8 8 516 62 9 9 207 87 9 9 46 93 11 11 188 128 12 12 337 145 11 11 81 159 14 14 188 226 12 12 188 283 9 9 83 317 10 10 271 369 22 22 103 397 11 11 58 401 9 9 108 434 10 10 265 467 9 9 316 480 10 10 464 84 13 13 71 117 9 9 124 170 11 11 376 265 11 11 294 323 11 11 192 365 24 24 345 382 9 9 331 487 9 9 48 31 9 9 463 41 11 11 460 232 18 18 72 403 11 11 269 400 32 32 121 17 9 9 0 254 13 13 247 315 9 9 519 365 16 16 370 494 9 9 176 368 8 8 18 384 9 9 524 476 9 9 145 206 9 9 299 337 9 9 81 344 9 9 531 456 12 12 214 496 13 13 73 511 10 10 163 63 8 8 70 81 9 9 311 101 13 13 469 105 11 11 433 219 8 8 212 336 9 9 370 465 10 10 148 467 10 10 321 497 11 11 410 301 9 9 90 26 11 11 321 269 10 10 272 315 9 9 168 72 12 12 456 144 12 12 103 177 10 10 157 168 11 11 59 224 8 8 402 478 9 9 347 59 11 11 389 337 9 9 309 385 9 9 29 488 8 8 387 57 11 11 511 289 11 11 331 100 9 9 14 137 9 9 301 290 13 13 469 379 9 9
samples/negative_unlabelled/n13873502_16372.jpg 2 145 162 81 91 383 240 14 14
samples/negative_unlabelled/n13873502_16466.jpg 1 26 80 7 7
samples/negative_unlabelled/n13873502_16561.jpg 4 188 51 299 398 219 79 231 339 206 56 260 385 97 90 459 331
samples/negative_unlabelled/n13873502_17210.jpg 2 223 198 31 29 55 45 26 26
samples/negative_unlabelled/n13873502_17319.jpg 1 154 131 185 185
samples/negative_unlabelled/n13873502_17410.jpg 2 416 447 141 141 424 458 124 124
samples/negative_unlabelled/n13873502_17594.jpg 1 27 18 30 30
samples/negative_unlabelled/n13873502_17771.jpg 29 203 150 10 10 267 154 10 10 238 221 8 8 328 217 8 8 154 91 8 9 263 130 8 8 149 256 9 9 257 117 7 7 205 196 7 7 125 192 9 9 239 150 9 9 212 207 8 8 118 181 10 10 330 203 9 9 111 169 10 10 119 252 9 9 114 218 7 7 139 294 9 9 216 86 8 8 85 139 8 8 117 158 12 12 184 150 9 9 90 266 23 14 212 100 8 8 101 234 8 8 169 88 8 8 77 181 8 8 168 119 9 9 299 452 8 12
samples/negative_unlabelled/n13873502_18089.jpg 2 11 13 476 476 340 312 9 9
samples/negative_unlabelled/n13873502_18867.jpg 4 303 167 15 15 266 173 13 13 217 120 12 12 240 207 11 11
samples/negative_unlabelled/n13873502_19324.jpg 2 251 182 114 82 255 160 110 126
samples/negative_unlabelled/n13873502_1953.jpg 2 11 16 152 152 321 178 14 11
samples/negative_unlabelled/n13873502_19996.jpg 88 62 313 12 12 210 421 7 7 205 349 7 7 181 445 7 7 206 326 7 7 293 178 8 8 374 97 10 10 347 96 8 8 351 381 11 11 351 405 11 11 351 393 11 11 278 300 11 11 326 362 11 11 338 365 11 11 314 346 11 11 314 359 11 11 377 423 11 11 326 349 11 11 302 343 11 11 339 377 11 11 327 411 11 11 364 420 12 12 290 328 11 11 128 73 11 11 174 99 11 11 327 387 11 11 352 441 11 11 376 411 11 11 231 372 9 9 376 399 11 11 130 46 12 12 230 469 9 9 179 140 11 11 151 85 12 12 364 432 11 11 352 429 12 12 135 86 12 12 251 372 9 9 198 181 11 11 242 343 9 9 231 391 9 9 221 420 9 9 241 382 9 9 251 392 9 9 230 449 9 9 192 167 11 11 241 401 9 9 121 60 11 11 171 126 12 12 138 59 11 11 242 324 9 9 232 353 9 9 250 411 9 9 149 113 11 11 241 362 9 9 221 401 9 9 231 411 9 9 220 459 9 9 249 468 10 10 332 213 10 10 461 173 10 10 400 187 10 10 312 218 10 10 232 334 9 9 241 420 9 9 433 190 10 10 413 194 10 10 240 459 9 9 420 182 10 10 380 192 10 10 365 216 10 10 259 459 9 9 405 206 10 10 233 315 9 9 448 166 10 10 459 205 10 10 352 209 10 10 440 178 10 10 372 204 10 10 398 219 10 10 385 211 10 10 466 193 10 10 453 186 10 10 418 214 10 10 428 170 10 10 446 197 10 10 425 202 10 10 102 183 6 6
samples/negative_unlabelled/n13873502_20377.jpg 1 142 376 100 74
samples/negative_unlabelled/n13873502_20500.jpg 142 306 139 8 8 184 183 8 8 184 139 8 8 306 184 8 8 240 84 7 7 284 106 8 8 184 128 7 7 262 84 7 7 195 117 8 8 306 128 7 7 206 217 8 8 218 84 6 6 274 85 6 6 273 95 8 8 229 240 7 7 240 239 7 7 229 84 7 7 329 162 6 6 217 95 8 8 295 117 8 8 239 94 9 9 218 240 6 6 262 240 7 7 330 129 5 5 239 227 9 9 251 239 7 7 273 240 6 6 206 229 7 7 284 228 7 7 217 228 8 8 207 85 5 5 229 251 6 6 306 161 9 9 163 129 5 5 261 94 9 9 183 161 9 9 295 217 7 7 183 172 9 9 341 185 6 6 163 185 6 6 329 174 6 6 163 173 6 6 228 94 9 9 284 95 7 7 329 140 6 6 130 163 5 5 141 174 6 6 152 185 6 6 352 174 6 6 152 174 6 6 196 229 5 5 283 116 10 10 296 229 5 5 163 140 6 6 341 140 6 6 152 130 5 5 205 205 10 10 194 127 9 9 283 205 10 10 228 228 9 9 240 74 6 6 152 140 6 6 184 195 7 7 340 174 6 6 261 228 9 9 251 74 6 6 141 140 5 5 273 228 8 8 141 162 6 6 306 172 9 9 330 97 4 4 294 127 9 9 285 240 5 5 130 108 4 4 340 162 6 6 294 194 9 9 272 216 9 9 363 152 5 5 141 129 5 5 363 130 5 5 352 185 5 5 162 162 6 6 363 185 5 5 352 130 5 5 108 163 5 5 216 216 10 9 330 118 5 5 152 151 6 6 219 74 5 5 319 219 5 5 108 141 4 4 163 151 6 6 163 118 5 5 385 174 5 5 174 219 5 5 219 252 5 5 341 118 5 5 130 152 5 5 374 152 5 5 363 119 5 5 363 141 5 5 363 108 4 4 274 252 5 5 374 163 5 5 352 196 5 5 152 118 5 5 119 174 5 5 374 185 5 5 306 195 7 7 240 251 6 6 307 118 6 6 341 196 5 5 319 108 5 5 319 207 5 5 141 119 5 5 230 63 4 4 163 219 5 5 152 207 5 5 141 97 4 4 280 135 5 5 385 163 5 5 341 230 4 4 141 207 5 5 386 119 4 4 330 241 4 4 164 86 4 4 353 86 4 4 86 152 4 4 119 97 4 4 141 230 4 4 408 163 4 4 152 230 4 4 97 130 4 4 385 196 4 4 375 97 4 4 108 219 4 4 175 86 4 4 141 241 4 4 281 180 4 4 352 241 4 4 375 230 4 4 153 252 4 4
samples/negative_unlabelled/n13873502_21021.jpg 2 226 230 45 45 9 9 478 478
samples/negative_unlabelled/n13873502_21446.jpg 27 264 264 95 95 64 319 36 36 390 382 94 93 304 305 13 13 307 308 7 7 424 234 9 9 416 89 25 25 180 94 15 17 436 229 9 9 21 141 93 94 144 58 14 14 433 206 10 10 200 78 16 16 399 209 9 9 411 212 9 9 421 203 9 9 448 186 9 9 446 198 9 9 445 211 10 10 424 178 10 10 436 181 9 9 440 167 10 10 425 225 8 8 458 217 10 10 398 186 9 9 422 191 9 9 424 97 12 12
samples/negative_unlabelled/n13873502_21589.jpg 2 284 148 14 14 159 284 6 6
samples/negative_unlabelled/n13873502_21805.jpg 1 80 11 5 5
samples/negative_unlabelled/n13873502_21980.jpg 6 90 190 64 61 219 30 61 63 381 125 25 25 331 316 64 64 350 336 26 26 216 302 52 52
samples/negative_unlabelled/n13873502_22657.jpg 2 42 77 19 19 206 199 89 98
samples/negative_unlabelled/n13873502_23361.jpg 6 319 219 58 58 215 90 71 72 181 311 49 49 297 285 55 55 294 141 65 65 145 263 46 46
samples/negative_unlabelled/n13873502_23738.jpg 14 149 239 27 27 199 253 26 26 164 146 26 26 272 153 25 26 176 193 26 28 127 192 26 26 320 169 27 26 299 118 25 25 212 147 26 26 172 295 26 26 311 259 27 27 194 105 25 25 227 299 25 27 260 261 27 27
samples/negative_unlabelled/n13873502_2403.jpg 2 379 457 31 28 382 460 25 22
samples/negative_unlabelled/n13873502_24624.jpg 1 8 305 8 12
samples/negative_unlabelled/n13873502_25747.jpg 1 153 16 9 13
samples/negative_unlabelled/n13873502_26825.jpg 1 146 23 231 271
samples/negative_unlabelled/n13873502_27463.jpg 3 18 13 86 88 25 21 73 72 22 17 79 80
samples/negative_unlabelled/n13873502_29068.jpg 13 344 320 16 14 353 335 15 14 258 341 10 10 350 270 13 13 375 354 13 13 351 251 13 13 386 359 13 11 374 269 8 9 317 299 8 8 375 281 9 9 364 277 10 10 354 234 13 13 385 223 8 8
samples/negative_unlabelled/n13873502_29470.jpg 9 433 4 8 8 66 60 12 12 191 324 10 14 342 4 8 8 391 5 4 10 24 23 95 88 199 427 9 11 27 24 90 84 426 338 16 15
samples/negative_unlabelled/n13873502_3959.jpg 3 392 459 8 8 322 456 19 20 366 461 15 11
samples/negative_unlabelled/n13873502_4404.jpg 1 217 67 9 9
samples/negative_unlabelled/n13873502_5472.jpg 1 59 86 227 206
samples/negative_unlabelled/n13873502_665.jpg 14 337 86 86 84 248 388 79 79 155 31 88 88 25 165 82 85 254 33 88 87 139 162 214 214 290 58 10 10 378 356 12 10 191 431 10 10 280 425 9 9 19 346 6 6 351 372 20 17 353 55 10 8 347 369 27 24
samples/negative_unlabelled/n13873502_7325.jpg 1 264 238 20 18
samples/negative_unlabelled/n13873502_762.jpg 2 306 1 10 6 199 137 22 18
samples/negative_unlabelled/n13873502_8019.jpg 1 35 259 6 6
samples/negative_unlabelled/n13873502_8269.jpg 3 239 272 5 5 274 241 8 9 99 113 9 6
samples/negative_unlabelled/n13873502_8412.jpg 4 147 248 39 35 173 266 58 57 130 279 36 30 88 253 52 43
samples/negative_unlabelled/n13873502_8763.jpg 3 70 60 168 213 67 54 176 224 146 258 7 9
samples/negative_unlabelled/n13873502_9341.jpg 4 272 341 128 128 272 187 128 128 144 266 127 127 272 30 127 127
samples/negative_unlabelled/n13873502_9738.jpg 1 201 201 96 96
samples/negative_unlabelled/n13873917_1063.jpg 1 206 98 151 151
samples/negative_unlabelled/n13873917_1139.jpg 1 46 18 222 222
samples/negative_unlabelled/n13873917_11666.jpg 1 164 29 141 142
samples/negative_unlabelled/n13873917_12150.jpg 63 689 585 409 409 1515 602 7 7 1960 419 14 13 1654 96 19 16 1682 122 18 18 1706 37 16 19 1874 125 14 24 1851 213 13 21 1877 290 14 20 1902 152 13 19 1738 172 18 18 1769 196 15 19 1792 107 15 20 1930 341 17 16 1816 134 21 15 1876 238 16 19 1929 285 19 14 1763 84 14 20 1816 78 17 18 1652 43 14 21 2006 251 17 12 1982 57 10 21 1900 210 20 14 1814 24 20 17 1844 47 14 20 1676 12 21 17 2008 190 14 23 1623 16 14 21 1708 91 18 15 1903 314 17 18 2009 469 15 12 1735 63 14 17 1984 444 14 16 1842 104 22 14 1680 67 15 17 1902 263 18 15 2007 134 14 23 662 1316 14 13 1926 64 18 16 1982 224 13 20 1875 183 15 18 1984 386 15 18 1897 41 17 18 1873 70 15 18 1953 202 18 14 1978 169 19 15 1951 88 18 16 2028 0 17 13 1927 176 19 16 1779 42 10 16 10 77 17 15 1691 30 14 8 1975 377 7 17 1662 2 17 9 1776 100 18 9 1864 227 14 14 1943 134 11 17 1723 106 16 11 1670 111 14 14 1966 48 17 12 1917 50 8 18 2021 39 8 17 1888 254 19 11
samples/negative_unlabelled/n13873917_12309.jpg 1 288 232 65 65
samples/negative_unlabelled/n13873917_12699.jpg 4 33 28 149 153 101 81 13 13 95 94 22 19 106 84 6 6
samples/negative_unlabelled/n13873917_13296.jpg 2 97 38 290 287 233 49 22 22
samples/negative_unlabelled/n13873917_13718.jpg 1 18 14 461 469
samples/negative_unlabelled/n13873917_14095.jpg 2 236 340 8 8 221 208 10 10
samples/negative_unlabelled/n13873917_14540.jpg 5 177 294 37 36 285 7 34 35 88 98 36 37 373 205 37 36 92 103 27 27
samples/negative_unlabelled/n13873917_14739.jpg 1 363 70 18 17
samples/negative_unlabelled/n13873917_14973.jpg 1 5 5 488 488
samples/negative_unlabelled/n13873917_15193.jpg 7 395 145 99 101 349 21 56 57 362 36 37 30 284 38 14 14 373 39 15 16 459 49 20 21 147 24 12 12
samples/negative_unlabelled/n13873917_15391.jpg 1 141 75 221 222
samples/negative_unlabelled/n13873917_15740.jpg 1 178 120 28 28
samples/negative_unlabelled/n13873917_16241.jpg 1 223 71 56 48
samples/negative_unlabelled/n13873917_16444.jpg 2 367 213 84 90 357 208 104 100
samples/negative_unlabelled/n13873917_16667.jpg 2 141 43 15 15 133 280 16 16
samples/negative_unlabelled/n13873917_17127.jpg 1 128 133 99 144
samples/negative_unlabelled/n13873917_18448.jpg 3 579 461 9 12 194 282 14 14 428 190 14 14
samples/negative_unlabelled/n13873917_19064.jpg 2 329 136 7 9 69 383 6 6
samples/negative_unlabelled/n13873917_19439.jpg 1 42 43 413 413
samples/negative_unlabelled/n13873917_19598.jpg 3 129 87 244 244 210 157 67 67 137 94 227 226
samples/negative_unlabelled/n13873917_1977.jpg 2 219 218 75 75 154 152 197 201
samples/negative_unlabelled/n13873917_22655.jpg 2 292 109 13 13 255 205 14 14
samples/negative_unlabelled/n13873917_23645.jpg 533 383 182 12 12 308 263 11 11 404 232 11 11 199 209 12 12 349 105 11 11 352 165 12 12 259 202 11 11 389 121 11 11 304 224 11 11 388 292 12 12 104 108 11 11 383 107 11 11 383 167 11 11 368 166 12 12 352 181 11 11 166 180 11 11 334 302 12 12 375 93 11 11 182 163 12 12 314 236 12 12 303 147 12 12 398 168 11 11 278 246 11 11 318 91 11 11 301 96 11 11 160 133 11 11 155 196 12 12 377 257 12 12 285 146 12 12 173 249 11 11 398 246 11 11 261 267 12 12 322 290 12 12 242 101 11 11 320 252 12 12 413 250 11 11 311 131 12 12 287 219 12 12 307 178 11 11 290 255 11 11 185 122 11 11 142 136 11 11 396 152 12 12 322 179 11 11 246 239 11 11 357 257 12 12 158 276 11 11 335 280 12 12 373 286 11 11 168 98 11 11 330 209 12 12 303 247 11 11 357 120 11 11 175 134 11 11 377 135 11 11 318 147 12 12 107 200 11 11 356 226 12 12 340 253 12 12 120 110 11 11 157 109 11 11 169 149 11 11 202 148 11 11 340 226 12 12 295 133 12 12 362 135 11 11 148 122 11 11 270 192 11 11 367 270 12 12 112 95 11 11 98 123 11 11 322 163 11 11 337 180 11 11 127 214 12 12 110 246 12 12 99 259 12 12 89 170 11 11 345 132 12 12 270 147 11 11 198 178 12 12 355 90 11 11 392 92 11 11 139 108 11 11 409 138 11 11 213 162 12 12 291 177 12 12 273 112 11 11 227 117 11 11 372 119 11 11 366 150 11 11 261 284 12 12 210 90 11 11 339 92 11 11 210 122 11 11 405 122 11 11 197 163 11 11 350 196 12 12 214 236 11 11 346 211 12 12 135 255 12 12 183 274 11 11 128 97 11 11 195 97 11 11 125 136 11 11 186 147 11 11 285 122 11 11 406 265 11 11 399 106 11 11 228 147 11 11 151 226 12 12 125 243 11 11 346 292 12 12 393 136 11 11 290 162 12 12 120 183 11 11 362 212 12 12 184 237 11 11 261 252 12 12 108 272 12 12 261 300 12 12 345 77 11 11 274 132 12 12 381 198 12 12 292 236 12 12 226 102 11 11 243 116 11 11 275 177 11 11 112 215 11 11 230 286 12 12 176 73 11 11 276 96 11 11 381 151 12 12 259 162 11 11 119 167 11 11 366 197 12 12 139 197 11 11 366 243 12 12 408 292 12 12 212 136 11 11 276 208 12 12 312 211 12 12 409 217 11 11 185 257 11 11 226 87 11 11 92 97 11 11 130 122 11 11 105 153 11 11 306 163 11 11 245 224 11 11 181 106 11 11 230 270 12 12 130 294 11 11 290 106 11 11 197 113 11 11 92 201 11 11 331 240 12 12 349 240 11 11 198 246 11 11 391 261 11 11 306 283 11 11 397 280 11 11 357 282 12 12 312 106 11 11 150 165 12 12 413 185 11 11 118 229 11 11 261 235 12 12 145 266 12 12 245 270 12 12 292 290 12 12 278 312 12 12 100 84 11 11 211 105 11 11 187 195 11 11 214 203 11 11 129 272 12 12 245 286 11 11 277 296 11 11 378 305 11 11 317 70 11 11 137 151 12 12 151 181 12 12 105 185 11 11 161 211 12 12 96 216 12 12 245 254 12 12 93 277 11 11 210 75 11 11 162 82 11 11 242 87 11 11 80 126 11 11 135 166 12 12 75 187 11 11 259 91 11 11 334 195 12 12 363 298 11 11 407 90 11 11 420 123 11 11 227 131 12 12 166 164 11 11 293 306 12 12 150 73 11 11 196 133 11 11 121 151 12 12 275 162 12 12 412 201 11 11 156 255 11 11 226 72 11 11 70 111 11 11 76 141 11 11 428 171 11 11 214 285 11 11 141 283 12 12 138 85 11 11 136 182 11 11 290 71 11 11 398 75 11 11 121 81 11 11 90 186 11 11 428 187 11 11 200 230 11 11 101 232 12 12 229 254 12 12 74 156 11 11 424 218 11 11 161 238 11 11 91 246 11 11 230 302 11 11 245 192 11 11 171 225 11 11 75 250 11 11 84 83 11 11 171 195 11 11 193 64 11 11 93 69 11 11 258 75 11 11 259 177 11 11 60 254 12 12 171 285 11 11 64 220 11 11 80 217 11 11 64 126 11 11 74 171 11 11 182 179 11 11 85 232 12 12 184 291 11 11 388 62 11 11 103 290 11 11 424 94 11 11 214 300 12 12 350 308 12 12 77 203 11 11 168 301 12 12 145 59 11 11 132 70 11 11 68 268 11 12 109 71 11 11 427 155 12 10 143 303 12 12 424 264 12 12 77 67 11 11 427 203 11 11 246 302 11 11 257 59 11 11 242 72 11 11 76 96 11 11 69 235 11 11 338 318 12 12 225 57 11 11 241 57 11 11 177 55 11 11 430 250 11 11 77 282 11 11 261 315 12 12 321 56 11 11 356 67 11 11 58 157 11 11 48 222 11 11 435 235 11 11 98 307 11 11 430 74 11 11 121 60 11 11 53 237 11 11 87 295 11 11 103 57 11 11 60 141 11 11 292 324 12 12 332 46 11 11 133 49 11 11 345 56 11 11 361 52 11 11 307 46 11 11 355 325 12 12 87 54 11 11 443 172 11 11 230 317 12 12 60 96 11 11 437 272 12 12 68 81 11 11 409 316 12 12 67 295 11 11 321 311 12 12 126 311 12 12 439 220 11 11 77 307 11 11 158 50 11 11 57 173 11 11 398 52 11 11 58 282 11 11 388 316 12 12 214 316 11 11 444 256 11 11 241 43 11 11 225 43 11 11 377 49 11 11 139 320 12 12 155 311 12 12 440 141 11 11 448 77 11 11 442 156 11 11 44 206 11 11 192 49 11 11 66 57 11 11 445 105 11 11 43 98 11 11 54 111 11 11 307 318 12 12 291 39 11 11 246 317 12 12 42 175 11 11 110 318 12 12 438 302 11 11 115 45 11 11 76 45 11 11 57 70 11 11 45 143 11 11 450 239 11 11 43 190 11 11 429 316 12 12 146 40 11 11 55 305 11 11 323 327 12 12 454 140 11 11 98 43 11 10 387 40 11 11 450 123 11 11 377 326 12 12 365 38 12 10 419 328 12 12 45 63 9 12 35 79 11 11 214 331 12 12 446 288 11 11 153 328 12 12 45 290 11 11 273 34 11 11 353 27 11 11 318 37 11 11 36 114 11 11 277 329 12 12 29 207 11 11 257 31 11 11 33 223 11 11 335 31 11 11 454 222 11 11 36 275 12 12 431 46 8 12 191 35 11 11 262 331 12 12 454 272 12 12 399 328 11 11 230 332 12 12 308 335 12 12 99 330 11 11 111 31 10 11 457 92 9 12 246 333 12 12 305 30 10 10 240 29 11 11 161 32 11 11 137 337 12 12 63 37 11 10 32 129 11 11 365 336 12 12 458 190 11 11 342 334 12 12 399 31 11 11 458 156 9 12 448 314 11 11 225 29 11 11 27 160 11 10 207 31 11 11 28 96 11 11 28 192 11 11 27 176 11 11 456 205 11 11 167 335 12 12 86 33 11 11 78 330 12 12 278 345 11 11 143 25 11 11 460 256 11 11 440 39 11 10 450 53 12 8 175 25 11 11 27 290 11 11 42 41 11 11 462 109 11 11 439 327 11 11 35 306 11 11 112 339 12 11 409 339 12 12 320 22 11 11 465 239 12 12 21 112 11 11 327 343 11 12 33 54 10 11 464 286 12 12 191 20 11 11 459 67 10 11 456 300 12 12 22 242 12 12 182 341 11 11 387 19 11 11 430 26 12 9 273 19 11 11 469 143 11 11 56 331 11 11 376 348 11 11 89 341 11 11 198 345 12 12 208 17 11 11 471 272 12 12 352 346 11 11 256 16 11 11 99 22 11 11 305 15 11 11 158 17 11 11 430 340 11 11 152 345 12 12 262 347 12 12 240 14 11 11 466 127 11 11 214 348 11 11 466 82 11 11 14 146 10 12 473 175 11 11 67 342 12 12 12 162 11 11 17 226 11 11 311 350 12 12 472 207 11 11 17 83 11 11 17 304 12 12 26 317 11 11 473 191 11 11 112 12 11 10 12 259 12 12 36 330 12 12 12 178 11 11 397 350 11 11 102 351 11 11 419 351 11 11 459 325 12 12 167 351 12 11 350 8 11 11 462 45 12 8 476 257 12 12 468 310 12 12 63 16 11 11 419 14 11 9 87 13 11 11 398 9 9 12 324 8 8 12 363 357 11 11 30 32 11 11 477 113 11 11 294 356 12 12 278 360 11 11 443 16 9 12 477 295 12 12 273 4 11 11 480 76 10 11 46 343 12 12 5 115 11 11 79 353 12 12 190 6 10 11 182 356 12 12 6 243 11 11 9 290 11 11 207 3 10 10 3 227 10 12 385 360 12 12 482 128 11 11 480 241 11 11 1 132 11 11 75 5 11 9 256 2 11 11 408 362 11 11 432 3 8 12 485 144 11 11 198 360 12 12 -1 211 12 10 440 351 12 12 484 225 11 11 223 0 11 11 117 362 11 11 337 -1 9 11 472 35 12 9 126 2 9 12 25 342 12 12 487 161 11 11 101 2 10 11 1 276 12 12 50 8 12 9 4 314 12 11 487 194 12 10 408 1 10 11 462 21 11 9 469 338 11 11 36 354 12 12 478 325 11 11 453 7 8 12 460 351 11 11 30 10 9 12 1 51 10 11 486 310 12 12 5 341 11 11 15 354 12 12 475 11 8 12 7 15 11 10 479 350 11 12 17 3 12 9
samples/negative_unlabelled/n13873917_24259.jpg 2 161 103 7 7 14 304 6 8
samples/negative_unlabelled/n13873917_24429.jpg 3 223 134 47 47 156 112 24 24 159 199 26 26
samples/negative_unlabelled/n13873917_24722.jpg 13 159 114 8 8 216 111 18 14 29 30 436 436 149 245 8 8 399 215 7 7 205 70 7 7 395 309 7 7 160 139 7 7 236 101 7 7 89 121 7 7 57 299 6 6 232 74 6 6 242 83 6 6
samples/negative_unlabelled/n13873917_2622.jpg 2 235 211 133 132 370 213 5 5
samples/negative_unlabelled/n13873917_26382.jpg 1 682 377 7 11
samples/negative_unlabelled/n13873917_26681.jpg 3 274 219 74 74 223 56 74 74 134 118 75 73
samples/negative_unlabelled/n13873917_26987.jpg 2 35 314 10 7 181 73 7 7
samples/negative_unlabelled/n13873917_27190.jpg 5 289 193 37 37 502 5 9 9 563 94 10 10 279 183 56 56 282 186 52 52
samples/negative_unlabelled/n13873917_27488.jpg 1 27 9 93 93
samples/negative_unlabelled/n13873917_27648.jpg 1 179 317 12 9
samples/negative_unlabelled/n13873917_3757.jpg 2 410 74 12 8 43 77 9 7
samples/negative_unlabelled/n13873917_4108.jpg 5 51 49 397 397 117 109 265 265 214 205 73 73 221 213 59 58 226 238 9 9
samples/negative_unlabelled/n13873917_4295.jpg 3 106 256 8 11 256 39 11 11 352 94 12 13
samples/negative_unlabelled/n13873917_445.jpg 1 233 290 5 5
samples/negative_unlabelled/n13873917_4810.jpg 5 265 228 25 25 250 171 19 19 213 253 8 8 258 221 39 39 234 241 17 13
samples/negative_unlabelled/n13873917_5078.jpg 1 78 253 48 48
samples/negative_unlabelled/n13873917_5197.jpg 1 179 113 114 114
samples/negative_unlabelled/n13873917_5438.jpg 5 124 195 94 94 74 144 193 197 111 181 120 121 115 185 113 113 134 204 75 75
samples/negative_unlabelled/n13873917_5582.jpg 4 357 216 13 13 359 218 8 8 296 208 20 20 305 270 14 14
samples/negative_unlabelled/n13873917_5722.jpg 1 98 122 81 86
samples/negative_unlabelled/n13873917_5954.jpg 4 132 71 251 251 222 192 18 18 174 263 10 10 228 196 8 8
samples/negative_unlabelled/n13873917_6214.jpg 13 274 214 8 10 268 209 20 20 361 213 8 10 355 208 20 20 312 251 10 13 234 209 19 20 306 248 22 20 257 243 9 11 420 213 9 9 34 482 7 7 242 263 6 6 202 323 20 20 141 296 10 14
samples/negative_unlabelled/n13873917_6401.jpg 5 206 183 65 68 176 199 14 13 171 227 40 40 251 243 40 39 188 153 38 38
samples/negative_unlabelled/n13873917_6810.jpg 1 25 28 89 89
samples/negative_unlabelled/n13873917_7227.jpg 3 20 19 458 459 15 14 469 469 33 190 7 7
samples/negative_unlabelled/n13873917_8209.jpg 1 396 175 6 6
samples/negative_unlabelled/n13873917_8458.jpg 2 157 224 100 100 76 143 274 275
samples/negative_unlabelled/n13873917_9348.jpg 4 157 109 218 221 281 199 9 10 240 222 9 9 285 227 9 9
samples/negative_unlabelled/n13873917_956.jpg 1 192 312 7 7
samples/negative_unlabelled/n13873917_9701.jpg 7 266 1 183 184 49 149 14 13 54 168 14 14 55 2 14 14 47 44 14 14 220 366 14 14 280 25 155 140
samples/negative_unlabelled/n13873917_9790.jpg 2 71 8 340 337 69 1 346 350
samples/negative_unlabelled/n13873917_9918.jpg 35 38 42 422 417 24 17 454 456 242 411 27 22 352 271 11 11 338 272 11 11 433 177 6 6 312 432 7 7 444 277 6 6 413 355 7 7 446 257 7 7 333 424 7 7 433 317 7 7 359 83 6 6 444 216 6 6 390 109 6 6 403 124 6 6 324 64 6 6 425 158 6 6 305 57 6 6 96 138 20 31 90 136 32 34 87 322 17 17 236 442 7 7 115 393 7 7 192 435 7 7 215 440 7 7 84 360 7 7 51 197 6 6 55 302 7 7 49 281 7 7 87 123 6 6 46 260 7 7 132 82 6 6 116 93 6 6 65 158 7 7
samples/negative_unlabelled/n13874073_10212.jpg 8 228 315 10 10 202 315 10 10 205 317 5 5 394 317 5 5 256 54 183 183 140 335 5 5 25 54 184 184 125 137 24 24
samples/negative_unlabelled/n13874073_11530.jpg 1 270 88 19 19
samples/negative_unlabelled/n13874073_1417.jpg 2 306 316 14 14 278 320 7 7
samples/negative_unlabelled/n13874073_14490.jpg 3 715 240 8 8 231 166 4 4 170 145 4 4
samples/negative_unlabelled/n13874073_15170.jpg 1 232 270 10 11
samples/negative_unlabelled/n13874073_16842.jpg 3 93 580 40 40 105 62 12 12 107 116 13 13
samples/negative_unlabelled/n13874073_18628.jpg 4 19 348 4 8 326 100 6 7 455 171 4 5 168 353 5 7
samples/negative_unlabelled/n13874073_24.jpg 44 1290 1014 8 8 1203 564 9 8 943 724 10 10 1187 515 8 8 906 673 10 10 1089 1075 10 10 1030 929 12 10 1442 781 7 7 844 1004 9 9 871 694 9 9 1172 702 9 9 829 802 8 8 878 732 10 11 810 754 8 8 958 410 9 9 824 938 8 8 1034 857 10 10 976 906 9 9 1163 1334 9 6 788 800 8 8 1116 1273 9 9 1163 421 6 6 1072 1299 7 7 1255 774 8 8 825 967 8 8 750 912 8 8 1127 413 8 6 780 890 9 9 1390 503 6 8 725 889 8 8 939 1370 8 8 1168 515 7 7 1393 1003 9 5 722 451 7 7 849 704 8 8 779 1073 8 8 623 773 8 8 594 801 8 8 1230 740 7 7 769 354 7 7 1606 1388 6 6 700 936 9 9 904 497 6 6 524 926 8 8
samples/negative_unlabelled/n13874073_3982.jpg 11 212 543 7 7 698 233 7 7 710 224 15 19 688 510 11 15 356 226 7 7 390 536 7 7 431 536 7 7 621 236 8 8 652 11 7 7 670 563 9 9 772 175 5 5
samples/negative_unlabelled/n13874073_6128.jpg 4 10 310 7 7 82 55 140 215 58 59 6 6 99 109 107 107
samples/negative_unlabelled/n13874073_769.jpg 4 276 19 106 106 18 11 104 107 13 276 106 106 145 12 106 106
samples/negative_unlabelled/n13874073_8536.jpg 2 145 98 11 11 176 290 11 11
samples/negative_unlabelled/n13874073_8955.jpg 1 1 32 44 44
samples/negative_unlabelled/n13874073_9830.jpg 1 213 82 7 7
samples/negative_unlabelled/n13875392_10289.jpg 1 199 94 89 81
samples/negative_unlabelled/n13875392_11004.jpg 2 1010 671 6 6 1203 711 7 7
samples/negative_unlabelled/n13875392_12846.jpg 1 106 198 22 20
samples/negative_unlabelled/n13875392_13483.jpg 4 190 117 10 10 187 201 10 10 150 239 10 10 76 235 9 10
samples/negative_unlabelled/n13875392_15140.jpg 5 339 35 13 13 262 37 13 13 160 117 10 10 291 356 18 18 331 242 10 10
samples/negative_unlabelled/n13875392_16305.jpg 2 13 21 405 391 154 369 12 16
samples/negative_unlabelled/n13875392_18039.jpg 1 8 403 5 5
samples/negative_unlabelled/n13875392_18428.jpg 1 139 128 19 16
samples/negative_unlabelled/n13875392_19366.jpg 2 423 168 9 10 3 176 11 9
samples/negative_unlabelled/n13875392_19570.jpg 1 159 301 22 22
samples/negative_unlabelled/n13875392_20557.jpg 1 337 142 108 127
samples/negative_unlabelled/n13875392_20990.jpg 2 298 26 5 5 325 366 6 6
samples/negative_unlabelled/n13875392_21765.jpg 8 256 316 9 9 315 293 7 9 286 318 8 10 267 339 6 10 199 296 9 9 272 424 8 8 281 438 7 7 272 447 7 7
samples/negative_unlabelled/n13875392_22171.jpg 2 248 239 14 14 349 194 12 18
samples/negative_unlabelled/n13875392_23521.jpg 1 207 267 23 23
samples/negative_unlabelled/n13875392_23879.jpg 1 151 167 9 9
samples/negative_unlabelled/n13875392_25660.jpg 3 184 248 12 15 202 274 14 10 231 277 12 8
samples/negative_unlabelled/n13875392_2616.jpg 1 114 141 11 7
samples/negative_unlabelled/n13875392_26581.jpg 1 187 99 147 146
samples/negative_unlabelled/n13875392_29942.jpg 9 229 185 10 10 54 94 10 10 291 150 10 10 275 185 10 10 258 14 9 9 107 122 9 9 17 197 10 10 211 -1 9 9 226 5 8 8
samples/negative_unlabelled/n13875392_32214.jpg 4 194 268 7 7 378 252 6 6 375 215 6 6 424 235 6 6
samples/negative_unlabelled/n13875392_32336.jpg 1 247 997 10 8
samples/negative_unlabelled/n13875392_33131.jpg 5 227 173 19 16 225 167 22 29 235 285 16 16 362 57 34 27 357 51 45 39
samples/negative_unlabelled/n13875392_35932.jpg 1 332 219 138 175
samples/negative_unlabelled/n13875392_3781.jpg 1 139 123 37 45
samples/negative_unlabelled/n13875392_4148.jpg 3 460 259 8 8 424 324 6 6 220 632 11 11
samples/negative_unlabelled/n13875392_4294.jpg 2 203 140 7 13 227 163 11 10
samples/negative_unlabelled/n13875392_43286.jpg 1 160 160 6 6
samples/negative_unlabelled/n13875392_43849.jpg 2 218 189 235 206 104 229 10 10
samples/negative_unlabelled/n13875392_44386.jpg 1 207 37 11 9
samples/negative_unlabelled/n13875392_44790.jpg 6 266 159 7 7 242 164 8 8 232 176 9 7 256 169 7 7 272 175 6 6 248 187 7 7
samples/negative_unlabelled/n13875392_450.jpg 1 371 156 23 37
samples/negative_unlabelled/n13875392_484.jpg 9 292 207 9 9 293 392 8 9 257 453 7 8 284 406 8 7 285 422 8 9 303 404 9 9 249 437 9 9 295 442 9 6 222 374 7 6
samples/negative_unlabelled/n13875392_50739.jpg 1 322 196 48 44
samples/negative_unlabelled/n13875392_5101.jpg 4 119 226 9 9 116 224 14 14 284 226 10 10 282 224 14 14
samples/negative_unlabelled/n13875392_55182.jpg 2 210 251 10 10 289 232 15 13
samples/negative_unlabelled/n13875392_58067.jpg 1 20 135 7 7
samples/negative_unlabelled/n13875392_60233.jpg 6 3 303 14 12 61 277 13 13 120 65 25 25 108 137 21 21 71 308 12 12 105 9 31 31
samples/negative_unlabelled/n13875392_6062.jpg 3 293 65 7 7 315 57 7 7 333 62 6 6
samples/negative_unlabelled/n13875392_61420.jpg 1 228 99 175 187
samples/negative_unlabelled/n13875392_61954.jpg 2 134 200 27 27 208 121 47 64
samples/negative_unlabelled/n13875392_62887.jpg 1 379 141 5 5
samples/negative_unlabelled/n13875392_6417.jpg 7 489 710 14 17 376 762 10 10 438 808 9 9 629 821 17 14 478 788 7 7 421 721 9 9 410 718 8 8
samples/negative_unlabelled/n13875392_65537.jpg 1 296 186 18 21
samples/negative_unlabelled/n13875392_6627.jpg 2 29 32 37 35 16 2 65 84
samples/negative_unlabelled/n13875392_70.jpg 1 43 20 23 20
samples/negative_unlabelled/n13875392_71239.jpg 4 277 81 9 10 254 210 15 15 50 210 15 15 284 210 14 16
samples/negative_unlabelled/n13875392_74544.jpg 3 216 224 10 13 424 194 7 7 416 241 7 7
samples/negative_unlabelled/n13875392_7949.jpg 1 189 155 160 160
samples/negative_unlabelled/n13875392_8191.jpg 1 51 173 9 10
samples/negative_unlabelled/n13875392_8714.jpg 1 233 247 5 5
samples/negative_unlabelled/n13875392_9083.jpg 4 187 283 9 9 50 243 8 8 217 290 8 8 201 174 8 10
samples/negative_unlabelled/n13875392_9743.jpg 1 482 354 9 12
samples/negative_unlabelled/n13902336_10353.jpg 1 248 195 8 8
samples/negative_unlabelled/n13902336_10509.jpg 1 286 206 6 6
samples/negative_unlabelled/n13902336_11268.jpg 8 378 264 12 12 50 53 6 6 130 40 4 4 334 105 7 7 294 98 5 5 403 118 9 9 299 187 18 23 249 34 15 11
samples/negative_unlabelled/n13902336_1161.jpg 8 136 50 242 246 247 189 16 16 246 161 23 23 272 175 16 16 238 144 16 16 239 188 5 5 227 170 15 15 267 191 5 5
samples/negative_unlabelled/n13902336_11926.jpg 1 212 211 63 67
samples/negative_unlabelled/n13902336_12097.jpg 1 197 199 8 10
samples/negative_unlabelled/n13902336_12625.jpg 3 288 156 97 86 476 187 18 19 479 54 7 7
samples/negative_unlabelled/n13902336_12861.jpg 2 168 224 10 10 250 81 142 99
samples/negative_unlabelled/n13902336_13041.jpg 1 98 88 243 204
samples/negative_unlabelled/n13902336_13223.jpg 8 234 184 29 31 269 196 24 28 197 173 32 23 229 218 12 12 274 203 12 12 255 160 13 14 210 177 13 13 298 77 10 11
samples/negative_unlabelled/n13902336_13514.jpg 2 204 172 19 27 107 230 26 19
samples/negative_unlabelled/n13902336_13813.jpg 1 286 183 13 15
samples/negative_unlabelled/n13902336_14384.jpg 4 132 193 13 10 139 273 10 9 50 215 12 12 283 192 12 14
samples/negative_unlabelled/n13902336_15146.jpg 3 28 107 320 330 182 237 12 12 212 258 11 11
samples/negative_unlabelled/n13902336_15778.jpg 5 226 228 19 19 281 176 32 32 218 219 35 34 178 160 30 31 48 283 8 9
samples/negative_unlabelled/n13902336_16122.jpg 8 210 112 27 16 293 128 20 25 242 302 39 39 162 73 186 186 267 147 11 11 275 166 6 6 240 150 30 30 236 295 50 50
samples/negative_unlabelled/n13902336_16326.jpg 1 336 275 15 15
samples/negative_unlabelled/n13902336_16505.jpg 3 221 157 55 55 84 19 333 336 209 144 82 83
samples/negative_unlabelled/n13902336_16993.jpg 5 381 191 16 22 240 172 10 10 232 206 8 10 251 208 10 10 25 180 15 11
samples/negative_unlabelled/n13902336_17245.jpg 4 85 50 135 135 131 119 12 12 154 125 13 13 92 56 122 122
samples/negative_unlabelled/n13902336_1747.jpg 6 135 40 303 314 246 175 23 22 315 221 22 22 294 239 7 7 254 213 6 6 106 108 11 14
samples/negative_unlabelled/n13902336_17552.jpg 5 168 77 235 235 165 74 240 240 161 70 248 248 132 45 307 307 267 177 32 32
samples/negative_unlabelled/n13902336_18097.jpg 9 164 191 13 13 228 148 86 92 118 147 99 101 314 148 85 85 123 153 90 90 2 151 99 103 352 184 12 12 45 195 15 15 149 183 8 8
samples/negative_unlabelled/n13902336_18217.jpg 1 173 133 8 7
samples/negative_unlabelled/n13902336_18397.jpg 6 233 196 23 23 191 206 24 24 239 153 27 22 74 44 259 252 168 168 27 24 201 132 26 26
samples/negative_unlabelled/n13902336_18577.jpg 2 119 52 235 213 234 112 8 6
samples/negative_unlabelled/n13902336_18904.jpg 3 235 192 229 237 337 72 34 37 331 281 42 42
samples/negative_unlabelled/n13902336_19070.jpg 1 327 195 39 32
samples/negative_unlabelled/n13902336_1937.jpg 2 425 225 6 6 269 171 9 11
samples/negative_unlabelled/n13902336_19641.jpg 5 219 182 74 73 201 197 13 13 226 245 13 13 243 169 12 12 286 245 12 12
samples/negative_unlabelled/n13902336_19833.jpg 1 166 15 5 5
samples/negative_unlabelled/n13902336_20082.jpg 1 295 37 31 31
samples/negative_unlabelled/n13902336_2056.jpg 4 277 187 53 43 99 25 429 388 308 149 26 33 256 168 30 29
samples/negative_unlabelled/n13902336_2110.jpg 1 90 365 6 6
samples/negative_unlabelled/n13902336_21225.jpg 1 232 256 29 50
samples/negative_unlabelled/n13902336_21501.jpg 2 283 194 7 7 287 270 7 7
samples/negative_unlabelled/n13902336_21673.jpg 6 224 123 16 16 271 159 6 6 249 126 5 5 255 170 17 17 200 150 17 17 219 138 42 42
samples/negative_unlabelled/n13902336_22551.jpg 1 131 89 249 249
samples/negative_unlabelled/n13902336_22811.jpg 4 158 305 13 13 88 245 168 165 148 326 14 12 167 323 12 10
samples/negative_unlabelled/n13902336_2340.jpg 9 136 93 242 242 245 203 28 28 277 207 23 26 218 205 24 24 244 235 25 23 280 213 10 10 246 206 24 23 251 238 10 10 255 185 10 10
samples/negative_unlabelled/n13902336_2365.jpg 4 182 135 208 210 171 125 229 229 194 148 183 183 459 52 8 8
samples/negative_unlabelled/n13902336_24469.jpg 1 143 103 210 200
samples/negative_unlabelled/n13902336_24723.jpg 2 233 265 27 24 282 270 30 22
samples/negative_unlabelled/n13902336_24844.jpg 2 154 156 7 13 126 249 10 10
samples/negative_unlabelled/n13902336_24973.jpg 2 180 118 116 116 156 67 43 43
samples/negative_unlabelled/n13902336_25456.jpg 3 250 141 18 18 280 162 18 18 220 162 17 17
samples/negative_unlabelled/n13902336_2570.jpg 2 427 211 32 20 188 269 74 45
samples/negative_unlabelled/n13902336_2621.jpg 4 208 141 30 30 257 215 26 28 226 169 43 46 231 174 29 38
samples/negative_unlabelled/n13902336_26411.jpg 2 434 170 33 33 6 3 7 7
samples/negative_unlabelled/n13902336_2673.jpg 1 346 118 7 7
samples/negative_unlabelled/n13902336_2686.jpg 5 257 248 13 14 295 187 22 18 215 20 6 7 232 38 7 7 327 55 6 6
samples/negative_unlabelled/n13902336_27074.jpg 1 20 119 222 158
samples/negative_unlabelled/n13902336_2759.jpg 5 324 271 25 21 329 229 24 22 300 209 22 24 263 233 21 24 357 182 4 4
samples/negative_unlabelled/n13902336_27763.jpg 1 299 158 18 18
samples/negative_unlabelled/n13902336_2799.jpg 6 385 164 6 6 409 161 7 7 449 160 7 7 346 294 5 5 336 288 5 5 394 338 4 6
samples/negative_unlabelled/n13902336_28342.jpg 7 132 94 197 206 211 205 9 15 47 213 14 14 250 332 14 15 216 327 15 15 67 242 14 14 443 214 19 8
samples/negative_unlabelled/n13902336_28618.jpg 6 153 172 24 25 199 223 24 24 255 126 24 24 263 194 24 24 161 180 12 11 194 123 12 12
samples/negative_unlabelled/n13902336_28834.jpg 3 466 187 7 7 18 235 7 7 423 109 6 6
samples/negative_unlabelled/n13902336_29185.jpg 3 222 166 55 53 271 143 18 18 215 139 19 19
samples/negative_unlabelled/n13902336_2927.jpg 1 174 307 15 13
samples/negative_unlabelled/n13902336_2953.jpg 6 216 523 72 57 289 139 69 57 444 37 57 67 456 57 33 28 353 833 17 14 941 571 23 21
samples/negative_unlabelled/n13902336_30001.jpg 5 299 156 65 68 126 38 253 265 144 43 221 245 278 164 17 15 75 312 9 9
samples/negative_unlabelled/n13902336_30165.jpg 4 222 74 31 35 293 95 29 38 283 155 29 40 164 112 29 39
samples/negative_unlabelled/n13902336_30609.jpg 3 258 143 30 30 202 163 32 28 283 86 35 24
samples/negative_unlabelled/n13902336_3136.jpg 2 297 255 27 26 441 279 23 26
samples/negative_unlabelled/n13902336_31696.jpg 3 200 164 36 36 185 147 13 13 141 98 157 157
samples/negative_unlabelled/n13902336_31936.jpg 6 232 204 47 33 138 180 13 13 209 221 9 14 145 217 43 41 141 29 41 43 93 116 40 44
samples/negative_unlabelled/n13902336_32077.jpg 4 35 321 24 21 279 39 6 6 64 295 21 22 87 140 18 18
samples/negative_unlabelled/n13902336_32355.jpg 1 75 34 338 319
samples/negative_unlabelled/n13902336_32569.jpg 3 198 160 33 33 140 162 33 33 52 55 295 305
samples/negative_unlabelled/n13902336_32828.jpg 1 225 170 34 34
samples/negative_unlabelled/n13902336_33161.jpg 7 94 2 234 268 233 132 18 18 188 122 19 19 182 166 11 11 221 171 18 15 220 125 5 6 262 205 7 16
samples/negative_unlabelled/n13902336_3368.jpg 3 119 2 9 9 239 45 7 9 162 35 12 10
samples/negative_unlabelled/n13902336_3388.jpg 24 309 544 57 57 533 6 368 368 698 153 48 53 317 165 49 52 755 163 28 28 373 174 27 27 715 208 27 29 282 181 27 30 329 606 32 32 708 531 56 56 317 507 31 31 766 686 14 22 371 550 32 32 99 614 7 7 712 686 15 22 981 697 9 9 725 593 31 32 118 584 7 6 109 615 7 7 960 686 14 22 93 577 7 7 770 539 31 31 672 547 31 31 730 558 7 7
samples/negative_unlabelled/n13902336_34283.jpg 7 278 240 47 47 167 103 9 9 155 71 27 30 254 269 18 18 326 239 17 17 178 130 13 11 308 291 17 17
samples/negative_unlabelled/n13902336_34537.jpg 1 245 265 6 6
samples/negative_unlabelled/n13902336_34738.jpg 1 211 167 122 119
samples/negative_unlabelled/n13902336_35012.jpg 3 198 287 16 17 138 228 135 135 191 279 10 10
samples/negative_unlabelled/n13902336_3556.jpg 2 169 211 16 19 141 56 460 373
samples/negative_unlabelled/n13902336_35729.jpg 3 162 360 51 46 90 127 27 35 269 151 17 18
samples/negative_unlabelled/n13902336_36129.jpg 2 103 202 11 11 304 289 12 12
samples/negative_unlabelled/n13902336_37456.jpg 3 13 60 342 342 239 210 26 26 162 191 53 53
samples/negative_unlabelled/n13902336_38188.jpg 1 153 103 10 10
samples/negative_unlabelled/n13902336_38431.jpg 6 173 179 28 27 220 222 11 11 142 217 11 11 183 196 9 7 214 213 29 27 113 63 5 5
samples/negative_unlabelled/n13902336_41253.jpg 8 207 152 28 31 199 197 24 29 149 201 26 26 161 168 39 36 133 163 15 15 204 201 15 15 168 133 15 15 214 156 16 16
samples/negative_unlabelled/n13902336_42306.jpg 1 126 5 10 10
samples/negative_unlabelled/n13902336_4402.jpg 1 91 140 219 130
samples/negative_unlabelled/n13902336_4665.jpg 17 425 269 48 48 389 337 45 45 495 236 45 45 490 100 13 13 296 417 13 13 305 189 13 13 526 430 13 13 246 187 13 13 403 247 91 91 521 449 13 13 317 415 13 13 513 468 13 13 365 76 13 13 352 115 13 13 348 135 13 13 423 198 30 30 357 95 13 13
samples/negative_unlabelled/n13902336_4774.jpg 2 253 146 10 10 87 31 267 267
samples/negative_unlabelled/n13902336_5026.jpg 1 267 210 13 12
samples/negative_unlabelled/n13902336_517.jpg 4 215 120 15 15 266 135 15 15 218 202 14 14 254 128 34 34
samples/negative_unlabelled/n13902336_5423.jpg 2 133 121 194 194 140 129 181 181
samples/negative_unlabelled/n13902336_5724.jpg 1 236 140 40 38
samples/negative_unlabelled/n13902336_5943.jpg 2 216 213 8 10 211 283 7 14
samples/negative_unlabelled/n13902336_6131.jpg 6 106 22 300 300 222 199 17 17 193 119 37 37 232 139 45 45 280 167 38 38 202 131 22 22
samples/negative_unlabelled/n13902336_6946.jpg 8 216 221 50 50 315 384 14 14 215 191 24 24 251 283 7 7 244 277 24 24 273 225 15 15 277 229 8 8 294 29 9 7
samples/negative_unlabelled/n13902336_729.jpg 4 253 144 40 38 167 142 40 40 108 317 13 13 264 239 17 17
samples/negative_unlabelled/n13902336_7472.jpg 1 228 119 100 145
samples/negative_unlabelled/n13902336_7807.jpg 13 274 43 9 9 242 39 9 9 303 53 9 9 354 91 9 9 331 70 9 9 384 147 9 9 180 52 9 9 371 117 9 9 153 67 9 9 129 88 9 9 389 209 9 9 97 142 9 9 381 239 8 8
samples/negative_unlabelled/n13902336_8013.jpg 1 443 78 8 8
samples/negative_unlabelled/n13902336_8260.jpg 3 16 165 5 5 279 255 11 12 179 241 12 10
samples/negative_unlabelled/n13902336_8394.jpg 3 235 210 43 41 288 209 26 31 200 226 28 29
samples/negative_unlabelled/n13902336_8775.jpg 2 106 170 16 16 108 224 5 5
samples/negative_unlabelled/n13902336_8902.jpg 4 79 32 287 287 263 182 29 25 188 200 25 31 241 138 29 29
samples/negative_unlabelled/n13902336_9514.jpg 1 212 227 18 26
samples/negative_unlabelled/n02675077_1130.jpg 4 123 107 258 258 293 132 13 15 295 136 8 8 309 144 8 8
samples/negative_unlabelled/n02675077_1286.jpg 3 221 208 22 22 239 35 5 5 358 330 6 6
samples/negative_unlabelled/n02675077_1615.jpg 1 56 11 233 244
samples/negative_unlabelled/n02675077_1726.jpg 9 5 7 416 416 150 83 33 25 251 82 19 19 114 84 24 24 287 74 27 33 290 80 20 20 157 85 20 20 219 64 8 15 354 205 18 22
samples/negative_unlabelled/n02675077_1850.jpg 3 142 145 217 217 237 241 25 25 222 219 9 9
samples/negative_unlabelled/n02675077_1933.jpg 4 114 117 266 266 190 194 116 116 194 197 110 110 345 318 7 7
samples/negative_unlabelled/n02675077_2094.jpg 1 116 352 10 10
samples/negative_unlabelled/n02675077_2765.jpg 18 2 8 427 420 175 322 11 11 246 321 11 11 120 323 11 11 148 322 11 11 151 325 5 5 216 321 11 11 255 25 10 10 121 383 11 11 40 123 9 10 171 400 11 11 184 402 11 11 93 366 11 11 345 337 11 11 123 386 6 6 174 403 6 6 348 339 6 6 232 155 9 9
samples/negative_unlabelled/n02675077_2967.jpg 4 124 124 135 132 120 120 142 142 185 185 12 12 4 4 374 374
samples/negative_unlabelled/n02675077_3066.jpg 1 60 46 29 30
samples/negative_unlabelled/n02675077_3358.jpg 8 149 150 23 21 145 145 28 28 156 12 11 11 71 265 7 7 269 69 11 11 42 236 11 11 69 263 11 11 200 284 11 11
samples/negative_unlabelled/n02675077_370.jpg 8 242 206 7 6 83 11 454 461 247 226 7 6 253 235 8 5 270 250 6 7 280 148 5 5 290 144 5 5 311 142 5 5
samples/negative_unlabelled/n02675077_3779.jpg 2 303 112 10 10 300 263 14 14
samples/negative_unlabelled/n02675077_4126.jpg 1 62 31 10 5
samples/negative_unlabelled/n02675077_4223.jpg 1 26 22 143 143
samples/negative_unlabelled/n02675077_4305.jpg 1 304 58 87 87
samples/negative_unlabelled/n02675077_4364.jpg 5 239 52 17 17 244 56 8 10 280 56 6 10 314 56 5 5 493 238 8 8
samples/negative_unlabelled/n02675077_4514.jpg 1 17 17 15 15
samples/negative_unlabelled/n02675077_4595.jpg 6 10 2 298 301 20 17 274 277 17 14 280 283 197 228 9 9 83 66 15 17 145 142 25 25
samples/negative_unlabelled/n02675077_471.jpg 1 64 64 69 69
samples/negative_unlabelled/n02675077_55.jpg 2 144 143 260 265 2 3 541 544
samples/negative_unlabelled/n02675077_672.jpg 2 112 114 28 28 338 113 29 29
samples/negative_unlabelled/n02675077_781.jpg 1 19 18 104 104
samples/negative_unlabelled/n02675077_89.jpg 1 16 16 15 15
samples/negative_unlabelled/n02675077_979.jpg 1 110 124 8 9
samples/negative_unlabelled/n02890188_1080.jpg 40 204 169 27 44 151 245 8 8 138 216 9 9 162 239 9 9 135 139 8 8 206 283 9 9 207 297 9 9 128 94 8 8 180 40 8 8 143 230 9 9 169 269 9 9 182 263 8 9 159 257 9 9 171 252 9 9 193 290 8 9 123 134 9 9 193 273 9 9 314 302 9 11 136 81 8 8 207 151 16 16 413 186 9 8 414 213 9 9 141 93 8 8 357 259 10 9 407 227 9 9 406 166 9 9 391 227 9 9 362 271 9 9 417 171 9 9 120 196 9 9 387 251 9 9 375 262 9 9 381 239 9 9 160 69 9 9 407 151 9 9 420 140 9 9 348 278 9 9 408 136 9 9 329 298 9 9 334 284 10 10
samples/negative_unlabelled/n02890188_1122.jpg 6 59 15 16 9 49 20 8 11 335 226 14 10 101 229 10 10 171 84 10 9 121 42 6 6
samples/negative_unlabelled/n02890188_118.jpg 2 280 302 12 13 423 320 10 10
samples/negative_unlabelled/n02890188_1219.jpg 11 91 81 8 8 271 224 4 4 76 83 6 6 64 228 7 7 69 240 8 8 120 275 6 6 106 265 8 7 136 270 6 6 207 274 7 7 165 282 7 7 149 276 9 8
samples/negative_unlabelled/n02890188_128.jpg 3 410 186 13 12 222 330 8 8 220 327 13 15
samples/negative_unlabelled/n02890188_1351.jpg 3 171 198 12 12 226 337 14 12 225 303 10 15
samples/negative_unlabelled/n02890188_1424.jpg 3 158 28 31 29 151 118 40 40 436 12 40 36
samples/negative_unlabelled/n02890188_1584.jpg 8 189 289 17 17 255 263 17 17 148 227 16 17 160 211 10 10 188 164 16 17 546 445 10 10 106 131 227 215 66 80 303 316
samples/negative_unlabelled/n02675077_1074.jpg 2 23 22 28 28 2 1 70 70
samples/negative_unlabelled/n02675077_1262.jpg 1 46 38 19 19
samples/negative_unlabelled/n02675077_1302.jpg.pgm 3 14 16 369 369 129 133 138 138 192 195 11 11
samples/negative_unlabelled/n02675077_1286.jpg.pgm.pgm 3 221 208 22 22 239 35 5 5 358 330 6 6
samples/negative_unlabelled/n02675077_1476.jpg.pgm.pgm 19 712 796 31 40 580 521 28 24 862 900 30 37 558 521 27 25 575 1003 40 30 522 476 28 30 971 379 10 10 576 901 41 30 527 377 13 13 525 480 22 22 1312 529 29 24 519 521 12 12 1264 540 13 13 1296 529 12 12 1266 528 10 10 1038 1104 19 19 1137 549 5 5 1036 1102 24 24 922 371 15 15
samples/negative_unlabelled/n02675077_1617.jpg.pgm.pgm 7 247 150 30 26 333 203 48 38 367 156 9 10 256 230 10 10 231 244 7 8 247 209 10 10 328 306 8 8
samples/negative_unlabelled/n11691046_25401.jpg 1 412 125 5 5
samples/negative_unlabelled/n11691046_2901.jpg 5 385 459 7 14 66 268 8 8 138 400 8 8 208 17 7 6 233 54 11 7
samples/negative_unlabelled/n13007034_3772.jpg 1 332 195 11 20
samples/negative_unlabelled/n13873502_16472.jpg 11 259 412 11 11 91 128 11 11 151 35 11 11 138 350 13 13 121 436 11 11 109 433 6 6 35 206 11 11 88 313 6 6 21 258 8 8 74 182 16 16 190 350 10 10
samples/negative_unlabelled/n13873502_16859.jpg 3 413 241 15 15 161 139 18 18 418 245 6 6
samples/negative_unlabelled/n13873502_17009.jpg 2 470 291 12 9 220 138 6 8
samples/negative_unlabelled/n13873502_22414.jpg 3 59 337 18 12 192 96 11 11 155 120 7 7
samples/negative_unlabelled/n13873502_23199.jpg 1 122 185 55 55
samples/negative_unlabelled/n13873502_2784.jpg 2 274 113 79 84 110 276 61 61
samples/negative_unlabelled/n13873502_2839.jpg 3 417 185 27 27 400 142 27 27 337 180 24 24
samples/negative_unlabelled/n13873502_6421.jpg 5 382 62 62 59 94 98 10 18 156 103 13 6 354 85 5 5 343 78 6 6
samples/negative_unlabelled/n13873502_6664.jpg 4 365 50 16 24 331 27 85 81 144 49 23 22 344 35 59 59
samples/negative_unlabelled/n13873502_6867.jpg 1 190 28 238 238
samples/negative_unlabelled/n13873502_7228.jpg 1 209 134 11 9
samples/negative_unlabelled/n13873917_23790.jpg 1 22 11 5 5
samples/negative_unlabelled/n13873917_3870.jpg 1 155 127 162 162
samples/negative_unlabelled/n13873917_4296.jpg 1 30 145 127 104
samples/negative_unlabelled/n13873917_4452.jpg 2 199 128 97 97 184 114 124 125
samples/negative_unlabelled/n13873917_469.jpg 12 174 139 27 30 200 118 32 30 313 151 33 33 297 123 32 31 150 77 24 24 237 208 32 32 207 131 9 9 195 87 29 29 355 265 27 27 111 130 31 32 185 264 32 33 291 270 31 30
samples/negative_unlabelled/n13873917_4833.jpg 8 149 164 15 15 160 134 15 15 137 118 9 9 108 132 17 17 111 136 9 9 121 167 9 9 163 137 9 9 153 168 9 9
samples/negative_unlabelled/n13873917_9834.jpg 2 -1 0 498 497 278 465 8 8
samples/negative_unlabelled/n13873502_3875.jpg 2 204 152 7 7 172 177 7 7
samples/negative_unlabelled/n13874073_19115.jpg 3 124 169 7 6 145 162 20 20 306 142 64 61
samples/negative_unlabelled/n13874073_5245.jpg 2 305 43 10 10 307 45 6 6
samples/negative_unlabelled/n13875392_14821.jpg 2 533 522 52 63 528 516 62 76
samples/negative_unlabelled/n13875392_15402.jpg 1 225 160 20 28
samples/negative_unlabelled/n13875392_16091.jpg 2 55 206 12 11 109 137 9 9
samples/negative_unlabelled/n13875392_18190.jpg 1 348 149 9 9
samples/negative_unlabelled/n13875392_18593.jpg 2 237 244 13 9 155 274 8 12
samples/negative_unlabelled/n13875392_19176.jpg 5 222 90 28 28 415 92 55 61 329 89 38 39 319 78 60 61 418 97 41 53
samples/negative_unlabelled/n13875392_19470.jpg 2 411 80 27 25 408 79 33 28
samples/negative_unlabelled/n13875392_19671.jpg 1 401 106 304 332
samples/negative_unlabelled/n13875392_25959.jpg 1 106 360 14 14
samples/negative_unlabelled/n13875392_26867.jpg 10 156 61 22 10 176 49 16 28 131 89 17 20 127 109 11 11 188 89 16 21 117 101 11 8 86 151 12 10 83 164 8 10 79 176 7 7 103 122 7 7
