samples/negative_unlabelled/n02675077_1140.jpg 3 59 58 50 50 3 3 161 160 52 52 63 63
samples/negative_unlabelled/n02675077_130.jpg 3 91 93 17 17 87 74 6 6 123 73 6 6
samples/negative_unlabelled/n02675077_1524.jpg 1 32 66 34 34
samples/negative_unlabelled/n02675077_1617.jpg 7 247 150 30 26 333 203 48 38 367 156 9 10 256 230 10 10 231 244 7 8 247 209 10 10 328 306 8 8
samples/negative_unlabelled/n02675077_1745.jpg 7 330 66 14 14 190 187 48 48 246 53 14 12 216 20 14 14 187 113 6 6 182 160 12 12 227 113 8 8
samples/negative_unlabelled/n02675077_1859.jpg 4 234 137 26 30 286 204 11 10 242 31 15 15 238 221 11 11
samples/negative_unlabelled/n02675077_1943.jpg 3 142 55 18 14 280 290 12 10 181 1 9 9
samples/negative_unlabelled/n02675077_21.jpg 2 41 41 34 34 51 52 13 13
samples/negative_unlabelled/n02675077_2376.jpg 1 14 27 19 22
samples/negative_unlabelled/n02675077_2491.jpg 3 185 185 8 8 256 191 9 9 175 175 26 26
samples/negative_unlabelled/n02675077_2656.jpg 8 132 62 11 11 1 2 316 316 148 11 16 16 273 81 16 16 276 84 10 10 28 81 16 16 66 162 10 10 198 162 9 9
samples/negative_unlabelled/n02675077_2795.jpg 2 122 117 19 21 40 120 23 23
samples/negative_unlabelled/n02675077_2972.jpg 6 667 111 62 62 66 565 12 12 198 502 16 16 566 179 17 17 438 583 7 7 549 556 12 12
samples/negative_unlabelled/n02675077_3091.jpg 2 100 94 90 93 128 122 34 33
samples/negative_unlabelled/n02675077_3255.jpg 6 243 231 19 11 195 189 137 155 40 112 7 7 301 245 13 12 21 408 8 8 228 272 6 14
samples/negative_unlabelled/n02675077_337.jpg 2 7 8 450 449 265 165 11 11
samples/negative_unlabelled/n02675077_3562.jpg 3 17 20 357 357 220 192 19 22 266 203 6 8
samples/negative_unlabelled/n02675077_3706.jpg 2 447 168 9 9 163 194 28 25
samples/negative_unlabelled/n02675077_3845.jpg 2 427 226 20 19 378 143 13 5
samples/negative_unlabelled/n02675077_413.jpg 3 58 30 8 8 77 77 24 24 80 80 19 19
samples/negative_unlabelled/n02675077_424.jpg 6 25 33 309 309 129 135 102 103 249 191 10 9 168 175 26 26 176 183 8 8 174 181 14 14
samples/negative_unlabelled/n02675077_4305.jpg 1 304 58 87 87
samples/negative_unlabelled/n02675077_4364.jpg 5 239 52 17 17 244 56 8 10 280 56 6 10 314 56 5 5 493 238 8 8
samples/negative_unlabelled/n02675077_4514.jpg 1 17 17 15 15
samples/negative_unlabelled/n02675077_4595.jpg 6 10 2 298 301 20 17 274 277 17 14 280 283 197 228 9 9 83 66 15 17 145 142 25 25
samples/negative_unlabelled/n02675077_471.jpg 1 64 64 69 69
samples/negative_unlabelled/n02675077_55.jpg 2 144 143 260 265 2 3 541 544
samples/negative_unlabelled/n02675077_672.jpg 2 112 114 28 28 338 113 29 29
samples/negative_unlabelled/n02675077_781.jpg 1 19 18 104 104
samples/negative_unlabelled/n02675077_89.jpg 1 16 16 15 15
samples/negative_unlabelled/n02675077_979.jpg 1 110 124 8 9
samples/negative_unlabelled/n02890188_1080.jpg 40 204 169 27 44 151 245 8 8 138 216 9 9 162 239 9 9 135 139 8 8 206 283 9 9 207 297 9 9 128 94 8 8 180 40 8 8 143 230 9 9 169 269 9 9 182 263 8 9 159 257 9 9 171 252 9 9 193 290 8 9 123 134 9 9 193 273 9 9 314 302 9 11 136 81 8 8 207 151 16 16 413 186 9 8 414 213 9 9 141 93 8 8 357 259 10 9 407 227 9 9 406 166 9 9 391 227 9 9 362 271 9 9 417 171 9 9 120 196 9 9 387 251 9 9 375 262 9 9 381 239 9 9 160 69 9 9 407 151 9 9 420 140 9 9 348 278 9 9 408 136 9 9 329 298 9 9 334 284 10 10
samples/negative_unlabelled/n02890188_1122.jpg 6 59 15 16 9 49 20 8 11 335 226 14 10 101 229 10 10 171 84 10 9 121 42 6 6
samples/negative_unlabelled/n02890188_118.jpg 2 280 302 12 13 423 320 10 10
samples/negative_unlabelled/n02890188_1219.jpg 11 91 81 8 8 271 224 4 4 76 83 6 6 64 228 7 7 69 240 8 8 120 275 6 6 106 265 8 7 136 270 6 6 207 274 7 7 165 282 7 7 149 276 9 8
samples/negative_unlabelled/n02890188_128.jpg 3 410 186 13 12 222 330 8 8 220 327 13 15
samples/negative_unlabelled/n02890188_1351.jpg 3 171 198 12 12 226 337 14 12 225 303 10 15
samples/negative_unlabelled/n02890188_1424.jpg 3 158 28 31 29 151 118 40 40 436 12 40 36
samples/negative_unlabelled/n02890188_1584.jpg 8 189 289 17 17 255 263 17 17 148 227 16 17 160 211 10 10 188 164 16 17 546 445 10 10 106 131 227 215 66 80 303 316
samples/negative_unlabelled/n02890188_1762.jpg 7 25 299 13 13 158 133 46 53 214 160 12 12 270 82 7 16 117 37 12 11 239 243 56 52 136 84 10 10
samples/negative_unlabelled/n02890188_182.jpg 3 202 159 12 11 215 221 14 12 157 263 8 5
samples/negative_unlabelled/n02890188_1919.jpg 2 288 130 21 7 188 133 6 8
samples/negative_unlabelled/n02890188_1995.jpg 7 117 70 238 232 234 207 8 8 260 178 8 8 203 183 8 8 229 153 8 8 246 156 18 18 132 80 207 211
samples/negative_unlabelled/n02890188_2047.jpg 2 248 90 38 38 312 55 18 18
samples/negative_unlabelled/n02890188_2077.jpg 2 202 194 6 7 194 220 7 5
samples/negative_unlabelled/n02890188_2130.jpg 1 327 260 8 8
samples/negative_unlabelled/n02890188_2267.jpg 1 238 345 9 7
samples/negative_unlabelled/n02890188_2329.jpg 2 202 169 15 15 30 336 7 10
samples/negative_unlabelled/n02890188_2366.jpg 8 183 107 14 13 205 146 8 9 275 17 8 8 240 21 8 9 264 25 9 8 287 35 7 9 254 35 8 8 347 118 6 8
samples/negative_unlabelled/n02890188_2429.jpg 14 180 47 14 14 228 52 12 12 242 109 12 12 260 172 13 13 189 84 8 8 160 71 8 8 157 281 49 49 -1 361 14 14 60 314 16 16 93 128 13 13 189 222 14 17 7 319 7 5 257 245 13 13 164 250 15 15
samples/negative_unlabelled/n02890188_2482.jpg 2 31 203 13 17 31 194 8 8
samples/negative_unlabelled/n02890188_2505.jpg 2 148 209 94 89 145 203 101 101
samples/negative_unlabelled/n02890188_2554.jpg 1 248 161 7 12
samples/negative_unlabelled/n02890188_2690.jpg 4 89 26 318 318 68 4 361 359 209 157 78 80 307 314 13 13
samples/negative_unlabelled/n02890188_275.jpg 5 207 312 16 16 150 259 15 15 186 76 10 10 307 172 11 11 381 202 11 11
samples/negative_unlabelled/n02890188_28.jpg 2 5 32 7 7 595 467 7 7
samples/negative_unlabelled/n02890188_2891.jpg 1 42 119 14 14
samples/negative_unlabelled/n02890188_3031.jpg 1 213 170 54 32
samples/negative_unlabelled/n02890188_3106.jpg 5 307 184 13 7 388 10 26 15 278 11 7 12 32 156 23 25 97 214 8 8
samples/negative_unlabelled/n02890188_3199.jpg 3 217 67 8 10 178 129 8 7 111 190 7 7
samples/negative_unlabelled/n02890188_3240.jpg 4 386 79 33 28 67 121 19 24 33 98 24 18 12 69 23 18
samples/negative_unlabelled/n02890188_3308.jpg 1 246 131 5 21
samples/negative_unlabelled/n02890188_3348.jpg 10 127 52 12 12 211 7 12 12 106 131 12 12 224 335 12 11 151 285 12 12 98 232 12 12 422 67 50 50 87 326 10 10 233 308 10 10 23 347 11 11
samples/negative_unlabelled/n02890188_3399.jpg 1 80 200 23 13
samples/negative_unlabelled/n02890188_3460.jpg 2 173 263 10 10 490 101 6 6
samples/negative_unlabelled/n02890188_3605.jpg 1 256 197 11 15
samples/negative_unlabelled/n02890188_3697.jpg 7 186 86 12 11 184 106 11 11 90 261 158 169 150 56 5 5 202 107 11 11 205 87 11 11 170 400 8 8
samples/negative_unlabelled/n02890188_3773.jpg 7 184 157 24 26 111 140 18 18 222 145 13 13 192 164 9 9 301 129 15 11 390 100 13 14 197 29 13 9
samples/negative_unlabelled/n02890188_3825.jpg 9 170 234 13 13 43 354 13 13 97 146 22 20 186 181 13 13 139 281 13 14 180 93 11 12 161 83 11 12 58 242 23 21 107 47 12 9
samples/negative_unlabelled/n02890188_3906.jpg 3 166 183 9 9 84 147 9 7 191 61 14 14
samples/negative_unlabelled/n02890188_3966.jpg 7 277 221 27 27 174 286 12 12 143 98 18 16 332 388 13 13 353 43 11 11 51 144 18 19 281 225 18 18
samples/negative_unlabelled/n02890188_4043.jpg 2 240 201 11 10 305 154 9 9
samples/negative_unlabelled/n02890188_4231.jpg 9 113 97 8 8 105 246 8 8 108 264 10 10 289 294 8 8 73 179 8 8 84 123 8 8 236 37 10 9 152 62 8 8 132 67 10 9
samples/negative_unlabelled/n02890188_4396.jpg 2 159 63 68 67 182 134 14 13
samples/negative_unlabelled/n02890188_4566.jpg 2 320 295 11 11 51 116 151 179
samples/negative_unlabelled/n02890188_4700.jpg 1 23 160 15 17
samples/negative_unlabelled/n02890188_4760.jpg 3 225 198 5 5 221 139 5 5 244 187 7 7
samples/negative_unlabelled/n02890188_4808.jpg 5 321 318 21 16 393 244 16 31 28 2 7 8 222 307 11 6 35 251 9 8
samples/negative_unlabelled/n02890188_4867.jpg 1 306 215 10 10
samples/negative_unlabelled/n02890188_4922.jpg 3 60 166 42 42 60 171 33 29 289 337 42 41
samples/negative_unlabelled/n02890188_5005.jpg 3 354 101 9 9 387 129 11 10 206 310 12 12
samples/negative_unlabelled/n02890188_5089.jpg 18 185 291 16 15 95 262 11 11 285 394 16 15 299 419 18 18 110 253 16 15 169 271 18 19 152 263 11 12 248 324 16 15 126 267 21 21 278 353 10 10 232 321 10 11 258 349 16 15 283 371 18 18 305 403 11 11 152 280 12 12 59 251 6 9 301 471 21 20 272 370 6 9
samples/negative_unlabelled/n02890188_5167.jpg 14 190 253 10 10 79 274 21 21 161 218 6 6 112 188 6 6 148 216 6 6 163 229 6 6 101 194 6 6 164 242 6 6 3 284 6 6 12 292 6 6 155 272 7 7 10 304 6 6 25 335 6 6 93 365 6 6
samples/negative_unlabelled/n02890188_523.jpg 5 202 259 11 15 178 285 10 8 364 150 6 6 368 36 7 7 380 110 8 14
samples/negative_unlabelled/n02890188_5331.jpg 1 68 26 86 107
samples/negative_unlabelled/n02890188_5476.jpg 1 116 218 9 8
samples/negative_unlabelled/n02890188_5596.jpg 24 274 261 16 19 316 230 16 18 139 146 9 9 157 102 8 8 197 251 16 16 124 161 9 9 146 83 219 219 178 231 16 18 131 208 9 9 338 92 8 8 389 259 9 9 100 197 9 9 291 319 8 8 161 288 8 8 336 320 9 9 382 218 10 10 269 313 10 7 377 148 9 9 372 270 9 9 123 252 9 9 123 273 9 9 372 169 10 10 350 280 9 9 329 287 9 9
samples/negative_unlabelled/n02890188_5907.jpg 15 374 168 10 10 441 205 13 13 332 206 8 8 324 198 8 8 324 213 8 8 314 225 26 17 259 285 8 8 235 295 8 8 291 269 8 8 201 202 10 10 224 292 8 8 75 216 7 7 213 63 6 6 165 69 6 6 185 63 5 5
samples/negative_unlabelled/n02890188_5938.jpg 8 261 40 10 9 313 51 11 9 41 84 6 6 139 182 7 9 35 78 6 6 121 179 10 7 178 221 9 7 440 150 12 11
samples/negative_unlabelled/n02890188_6058.jpg 2 257 230 19 19 31 325 6 9
samples/negative_unlabelled/n02890188_6191.jpg 1 65 287 10 12
samples/negative_unlabelled/n02890188_6241.jpg 1 134 142 9 9
samples/negative_unlabelled/n02890188_6268.jpg 2 95 247 7 8 213 135 9 14
samples/negative_unlabelled/n02890188_6340.jpg 5 58 239 60 60 71 252 34 33 171 261 9 9 150 433 15 15 237 331 16 8
samples/negative_unlabelled/n02890188_6392.jpg 5 313 235 10 10 351 202 12 12 184 192 25 25 229 160 86 83 245 168 56 56
samples/negative_unlabelled/n02890188_6429.jpg 4 282 196 21 17 329 401 24 15 243 123 23 14 165 319 5 5
samples/negative_unlabelled/n02890188_6887.jpg 1 68 307 26 21
samples/negative_unlabelled/n02890188_702.jpg 6 170 315 6 6 263 353 7 7 218 349 7 7 298 280 7 7 277 240 6 6 304 302 6 6
samples/negative_unlabelled/n02890188_7212.jpg 1 65 151 8 11
samples/negative_unlabelled/n02890188_7242.jpg 5 113 154 11 8 446 303 6 7 454 304 7 7 447 312 6 7 474 283 6 6
samples/negative_unlabelled/n02890188_7281.jpg 2 113 174 17 18 85 264 12 7
samples/negative_unlabelled/n02890188_7302.jpg 2 167 196 18 14 191 205 15 17
samples/negative_unlabelled/n02890188_7410.jpg 12 32 172 8 8 99 177 8 8 215 278 10 10 62 319 9 9 248 261 10 10 329 77 10 10 288 93 26 26 307 40 11 11 332 55 10 10 312 195 10 10 303 18 10 10 314 220 11 11
samples/negative_unlabelled/n02890188_7504.jpg 13 236 149 42 42 289 58 7 7 253 62 7 7 244 158 26 26 232 41 7 7 279 37 6 6 199 150 18 18 178 86 160 160 266 49 6 6 222 58 7 7 217 74 7 7 347 68 7 7 173 60 6 6
samples/negative_unlabelled/n02890188_7562.jpg 33 169 220 41 41 135 285 7 7 135 276 7 7 173 225 34 31 142 177 15 15 149 311 7 7 180 327 7 7 146 302 7 6 208 342 8 8 231 344 7 7 256 342 8 8 246 339 8 8 223 339 8 8 259 279 7 7 269 334 8 8 286 297 7 7 288 133 5 5 174 198 6 6 281 326 7 7 293 290 7 7 174 319 7 7 301 326 7 7 379 171 9 9 305 95 5 5 300 315 7 7 399 284 7 7 389 285 7 7 312 166 11 13 379 285 7 7 430 255 7 7 407 273 7 7 429 146 6 6 442 205 6 6
samples/negative_unlabelled/n02890188_7666.jpg 2 114 136 6 6 60 208 8 8
samples/negative_unlabelled/n02890188_7838.jpg 5 195 89 172 172 108 66 45 45 130 227 13 13 126 148 12 12 223 128 18 6
samples/negative_unlabelled/n02890188_8236.jpg 4 511 365 13 12 835 350 20 26 75 364 12 14 250 351 23 22
samples/negative_unlabelled/n02890188_8362.jpg 5 54 249 28 28 126 131 21 21 174 243 12 14 69 107 21 21 161 210 19 19
samples/negative_unlabelled/n02890188_849.jpg 2 149 268 11 11 359 124 5 5
samples/negative_unlabelled/n02890188_8606.jpg 3 226 246 13 13 334 266 10 10 325 318 10 10
samples/negative_unlabelled/n02890188_8695.jpg 1 210 34 5 5
samples/negative_unlabelled/n02890188_8772.jpg 9 392 319 28 28 79 342 29 29 218 99 46 42 210 88 63 65 436 202 26 28 15 179 28 25 473 83 16 14 468 52 15 14 400 12 14 15
samples/negative_unlabelled/n02890188_8819.jpg 15 93 125 6 6 272 92 6 6 264 128 6 6 272 158 6 6 254 173 6 6 102 105 6 6 109 2 13 16 111 161 5 5 207 205 5 5 160 207 5 5 113 172 5 5 237 102 12 12 219 206 6 6 148 40 11 11 228 42 6 6
samples/negative_unlabelled/n02890188_8922.jpg 2 471 135 7 7 476 125 6 6
samples/negative_unlabelled/n02890188_9004.jpg 1 118 271 18 4
samples/negative_unlabelled/n02890188_9135.jpg 2 178 177 11 27 29 320 7 9
samples/negative_unlabelled/n02890188_9211.jpg 1 231 201 53 53
samples/negative_unlabelled/n02890188_9305.jpg 1 367 49 8 11
samples/negative_unlabelled/n02890188_9613.jpg 7 368 218 21 21 333 263 10 10 294 195 23 21 251 261 24 24 304 329 23 23 269 307 19 19 65 272 7 7
samples/negative_unlabelled/n02890188_9738.jpg 9 53 163 304 302 218 334 23 23 172 336 23 23 231 291 22 22 157 294 22 22 223 338 12 12 162 299 12 12 198 271 12 12 184 293 43 43
samples/negative_unlabelled/n02890188_9974.jpg 1 222 176 12 21
samples/negative_unlabelled/n03032811_10604.jpg 5 63 80 9 6 376 185 14 9 240 221 18 21 109 268 7 16 58 115 8 8
samples/negative_unlabelled/n03032811_11164.jpg 41 37 61 501 508 96 402 13 14 97 423 11 18 383 170 5 5 412 196 5 5 398 181 5 5 333 143 5 5 408 442 5 5 259 495 5 5 295 496 5 5 441 245 5 5 452 282 5 5 313 494 5 5 423 211 5 5 331 490 5 5 298 137 5 5 244 140 5 5 348 484 5 5 316 139 5 5 226 144 5 5 154 195 5 5 225 486 5 5 124 385 5 5 114 349 5 5 141 418 5 5 143 209 5 5 180 170 5 5 114 276 5 5 151 433 5 5 118 259 5 5 125 241 5 5 452 315 13 13 364 155 13 13 189 465 12 12 192 155 12 12 131 220 12 12 109 309 12 12 274 492 13 13 276 132 13 13 130 397 12 12 8 9 609 609
samples/negative_unlabelled/n03032811_11540.jpg 7 20 163 87 86 6 150 118 118 227 146 117 117 243 158 89 89 251 167 73 71 274 191 24 22 160 62 13 13
samples/negative_unlabelled/n03032811_12799.jpg 1 53 87 292 252
samples/negative_unlabelled/n03032811_1308.jpg 4 121 321 5 5 389 282 5 6 62 265 5 5 340 246 7 7
samples/negative_unlabelled/n03032811_14199.jpg 2 223 53 16 16 330 76 10 8
samples/negative_unlabelled/n03032811_15704.jpg 4 62 240 27 36 34 238 6 6 404 432 7 5 395 433 6 5
samples/negative_unlabelled/n03032811_16301.jpg 1 184 34 11 12
samples/negative_unlabelled/n03032811_16573.jpg 2 197 224 91 89 3 4 491 491
samples/negative_unlabelled/n03032811_17571.jpg 1 363 275 13 14
samples/negative_unlabelled/n03032811_18457.jpg 1 368 267 16 10
samples/negative_unlabelled/n03032811_19456.jpg 1 188 202 21 17
samples/negative_unlabelled/n03032811_20054.jpg 1 474 431 6 6
samples/negative_unlabelled/n03032811_20646.jpg 1 272 435 6 6
samples/negative_unlabelled/n03032811_23007.jpg 5 262 194 16 16 446 296 4 4 99 309 4 4 174 28 5 5 276 4 5 5
samples/negative_unlabelled/n03032811_23951.jpg 1 143 173 144 140
samples/negative_unlabelled/n03032811_2429.jpg 3 281 155 28 28 268 101 18 18 263 97 27 27
samples/negative_unlabelled/n03032811_24488.jpg 1 78 202 4 4
samples/negative_unlabelled/n03032811_24739.jpg 1 120 163 195 194
samples/negative_unlabelled/n03032811_24933.jpg 5 249 211 11 11 168 137 6 6 289 114 6 6 280 110 6 6 175 129 6 6
samples/negative_unlabelled/n03032811_25893.jpg 1 167 142 34 32
samples/negative_unlabelled/n03032811_27832.jpg 1 199 226 9 11
samples/negative_unlabelled/n03032811_28376.jpg 4 445 277 5 5 453 286 7 8 302 170 26 18 394 274 9 9
samples/negative_unlabelled/n03032811_29799.jpg 1 203 11 7 10
samples/negative_unlabelled/n03032811_30140.jpg 2 143 74 215 215 137 67 228 228
samples/negative_unlabelled/n03032811_30452.jpg 2 107 390 6 6 25 340 6 6
samples/negative_unlabelled/n03032811_31007.jpg 2 409 262 5 5 416 271 7 7
samples/negative_unlabelled/n03032811_31126.jpg 3 232 158 9 9 444 134 8 8 455 131 8 8
samples/negative_unlabelled/n03032811_31499.jpg 1 394 82 6 6
samples/negative_unlabelled/n03032811_31809.jpg 1 291 460 13 14
samples/negative_unlabelled/n03032811_32429.jpg 1 229 212 17 17
samples/negative_unlabelled/n03032811_32634.jpg 1 169 52 7 10
samples/negative_unlabelled/n03032811_32905.jpg 3 98 298 9 9 124 333 10 8 177 431 8 21
samples/negative_unlabelled/n03032811_4081.jpg 7 372 191 399 382 525 292 11 9 913 604 22 18 474 349 11 9 982 587 14 12 741 230 13 13 342 599 11 12
samples/negative_unlabelled/n03032811_5442.jpg 2 224 531 19 25 139 464 38 38
samples/negative_unlabelled/n03032811_5949.jpg 5 26 52 170 180 205 270 29 26 210 274 19 19 258 142 27 22 335 211 6 8
samples/negative_unlabelled/n03032811_6265.jpg 1 153 10 7 7
samples/negative_unlabelled/n03032811_6452.jpg 1 156 80 23 21
samples/negative_unlabelled/n03032811_7236.jpg 5 239 188 10 9 276 205 10 9 246 210 9 11 283 230 12 9 291 261 13 15
samples/negative_unlabelled/n03032811_7874.jpg 1 361 280 6 9
samples/negative_unlabelled/n03032811_8872.jpg 31 166 206 17 15 102 424 11 11 427 394 11 11 441 377 11 11 68 395 11 11 53 378 11 11 91 98 11 10 26 335 11 11 398 98 10 10 76 111 10 10 380 86 11 11 466 333 11 11 473 313 11 11 24 186 11 11 478 293 11 10 13 294 11 11 18 315 11 11 10 274 11 11 60 126 11 11 12 225 11 11 428 127 11 11 466 185 11 11 16 205 11 11 32 167 11 11 480 273 11 11 457 167 10 10 477 224 11 11 155 63 11 11 197 52 11 11 292 52 11 11 270 49 11 11
samples/negative_unlabelled/n03032811_94.jpg 3 250 99 14 5 111 262 8 8 189 198 14 14
samples/negative_unlabelled/n03165955_3985.jpg 4 3 133 9 9 24 134 7 6 65 128 6 9 273 125 5 5
samples/negative_unlabelled/n03189311_5972.jpg 1 11 1 71 70
samples/negative_unlabelled/n03397947_10029.jpg 1 169 85 6 6
samples/negative_unlabelled/n03397947_10096.jpg 1 223 243 20 34
samples/negative_unlabelled/n03397947_10219.jpg 1 203 395 5 13
samples/negative_unlabelled/n03397947_10291.jpg 5 167 131 7 8 288 59 6 6 316 292 7 7 383 123 6 6 371 106 6 6
samples/negative_unlabelled/n03397947_10576.jpg 2 321 52 8 8 48 150 6 6
samples/negative_unlabelled/n03397947_10889.jpg 1 68 28 86 149
samples/negative_unlabelled/n03397947_10929.jpg 2 297 82 9 9 256 88 6 8
samples/negative_unlabelled/n03397947_11156.jpg 4 227 91 9 9 204 136 8 14 16 152 8 8 72 276 8 8
samples/negative_unlabelled/n03397947_11197.jpg 4 18 200 12 16 13 198 23 20 40 200 8 8 209 96 6 6
samples/negative_unlabelled/n03397947_11252.jpg 1 300 123 21 21
samples/negative_unlabelled/n03397947_11493.jpg 2 122 11 9 10 183 117 8 8
samples/negative_unlabelled/n03397947_11549.jpg 1 251 146 6 6
samples/negative_unlabelled/n03397947_11617.jpg 4 192 255 15 15 269 259 15 15 195 258 9 9 272 262 9 9
samples/negative_unlabelled/n03397947_1434.jpg 1 168 152 28 31
samples/negative_unlabelled/n03397947_1510.jpg 2 165 253 50 49 176 259 32 33
samples/negative_unlabelled/n03397947_182.jpg 7 302 201 31 22 120 203 22 20 328 223 13 15 46 147 11 10 149 222 17 22 232 231 28 28 236 235 20 20
samples/negative_unlabelled/n03397947_1887.jpg 5 335 59 31 22 192 58 50 31 234 33 42 34 183 115 11 11 155 279 7 10
samples/negative_unlabelled/n03397947_209.jpg 2 302 143 9 9 62 74 7 7
samples/negative_unlabelled/n03397947_2313.jpg 1 388 175 29 34
samples/negative_unlabelled/n03397947_2450.jpg 1 254 50 16 16
samples/negative_unlabelled/n03397947_259.jpg 1 52 162 10 10
samples/negative_unlabelled/n03397947_2680.jpg 11 344 135 13 13 213 384 12 14 227 386 13 14 120 150 13 13 377 192 13 13 116 164 7 7 124 153 7 7 360 334 7 7 105 187 7 7 398 219 5 5 258 279 6 6
samples/negative_unlabelled/n03397947_2889.jpg 1 59 233 5 7
samples/negative_unlabelled/n03397947_3005.jpg 2 28 189 9 9 459 16 6 6
samples/negative_unlabelled/n03397947_326.jpg 1 76 170 14 14
samples/negative_unlabelled/n03397947_3454.jpg 1 275 45 18 13
samples/negative_unlabelled/n03397947_3882.jpg 3 470 112 6 6 449 164 6 6 129 47 11 8
samples/negative_unlabelled/n03397947_4350.jpg 4 412 203 11 11 283 12 11 11 279 69 7 7 242 42 9 9
samples/negative_unlabelled/n03397947_4466.jpg 1 19 253 11 7
samples/negative_unlabelled/n03397947_4517.jpg 1 189 41 36 40
samples/negative_unlabelled/n03397947_5291.jpg 1 29 187 6 6
samples/negative_unlabelled/n03397947_5372.jpg 1 33 105 10 15
samples/negative_unlabelled/n03397947_5490.jpg 4 293 29 10 10 6 28 15 17 27 18 15 10 209 5 8 8
samples/negative_unlabelled/n03397947_5623.jpg 1 251 114 32 24
samples/negative_unlabelled/n03397947_588.jpg 1 238 277 11 11
samples/negative_unlabelled/n03397947_6020.jpg 1 377 139 6 6
samples/negative_unlabelled/n03397947_6185.jpg 2 41 261 10 10 312 31 53 53
samples/negative_unlabelled/n03397947_6418.jpg 2 112 344 10 10 109 191 9 9
samples/negative_unlabelled/n03397947_6493.jpg 1 -2 57 13 13
samples/negative_unlabelled/n03397947_6612.jpg 1 324 179 5 4
samples/negative_unlabelled/n03397947_6929.jpg 2 303 34 9 9 194 2 8 8
samples/negative_unlabelled/n03397947_6963.jpg 1 117 63 14 14
samples/negative_unlabelled/n03397947_704.jpg 1 270 101 7 8
samples/negative_unlabelled/n03397947_7492.jpg 1 169 253 26 28
samples/negative_unlabelled/n03397947_774.jpg 4 118 123 6 9 175 71 7 7 157 82 7 7 113 132 8 7
samples/negative_unlabelled/n03397947_8302.jpg 2 141 89 6 6 299 23 6 6
samples/negative_unlabelled/n03397947_8631.jpg 1 357 325 7 7
samples/negative_unlabelled/n03397947_8890.jpg 1 266 11 18 19
samples/negative_unlabelled/n03397947_9125.jpg 2 294 174 9 6 295 187 5 5
samples/negative_unlabelled/n03397947_9178.jpg 1 220 164 12 12
samples/negative_unlabelled/n03397947_940.jpg 1 159 174 8 8
samples/negative_unlabelled/n03397947_9721.jpg 1 207 4 20 29
samples/negative_unlabelled/n03397947_9896.jpg 1 385 234 6 6
samples/negative_unlabelled/n03954393_1032.jpg 1 12 14 367 367
samples/negative_unlabelled/n03954393_1230.jpg 1 4 4 172 167
samples/negative_unlabelled/n03954393_1433.jpg 1 283 127 10 7
samples/negative_unlabelled/n03954393_1613.jpg 1 116 150 9 9
samples/negative_unlabelled/n03954393_196.jpg 1 11 10 475 475
samples/negative_unlabelled/n03954393_2063.jpg 1 1 8 186 186
samples/negative_unlabelled/n03954393_2305.jpg 3 125 82 55 54 211 214 60 60 158 235 39 39
samples/negative_unlabelled/n03954393_241.jpg 2 352 64 110 114 263 61 56 56
samples/negative_unlabelled/n03954393_2457.jpg 5 139 3 126 126 2 2 127 127 367 4 128 126 268 26 90 90 156 21 91 91
samples/negative_unlabelled/n03954393_253.jpg 1 118 293 10 10
samples/negative_unlabelled/n03954393_2636.jpg 2 208 281 12 12 77 264 9 9
samples/negative_unlabelled/n03954393_2708.jpg 1 251 224 90 90
samples/negative_unlabelled/n03954393_2931.jpg 1 8 21 137 135
samples/negative_unlabelled/n03954393_3051.jpg 1 296 1 294 294
samples/negative_unlabelled/n03954393_3460.jpg 4 3 17 65 66 186 4 88 93 79 3 95 95 198 16 66 64
samples/negative_unlabelled/n03954393_3553.jpg 2 2 4 166 166 1 176 166 167
samples/negative_unlabelled/n03954393_3877.jpg 5 226 676 12 12 291 708 12 14 363 727 13 13 1173 736 8 11 515 191 5 5
samples/negative_unlabelled/n03954393_4021.jpg 3 17 136 9 9 6 18 9 9 20 99 10 10
samples/negative_unlabelled/n03954393_4170.jpg 1 283 80 17 17
samples/negative_unlabelled/n03954393_4349.jpg 1 6 98 96 96
samples/negative_unlabelled/n03954393_4491.jpg 1 492 349 12 12
samples/negative_unlabelled/n03954393_4591.jpg 1 21 3 98 99
samples/negative_unlabelled/n03954393_4682.jpg 1 61 37 10 10
samples/negative_unlabelled/n03954393_4771.jpg 4 139 135 71 71 322 491 73 71 171 334 67 67 295 115 53 53
samples/negative_unlabelled/n03954393_490.jpg 2 2 2 154 154 82 12 11 11
samples/negative_unlabelled/n03954393_5224.jpg 2 5 6 282 284 94 245 8 8
samples/negative_unlabelled/n03954393_5393.jpg 1 5 4 185 188
samples/negative_unlabelled/n03954393_5459.jpg 5 68 236 10 13 701 186 11 11 80 562 9 9 738 520 8 8 623 103 12 12
samples/negative_unlabelled/n03954393_5524.jpg 1 19 1 105 105
samples/negative_unlabelled/n03954393_6001.jpg 1 1 0 195 193
samples/negative_unlabelled/n03954393_6205.jpg 1 3 1 181 182
samples/negative_unlabelled/n03954393_6383.jpg 2 322 78 29 29 135 202 6 6
samples/negative_unlabelled/n03954393_6536.jpg 1 207 54 21 24
samples/negative_unlabelled/n03954393_6574.jpg 1 5 8 290 290
samples/negative_unlabelled/n03954393_7113.jpg 1 22 26 410 402
samples/negative_unlabelled/n03954393_7235.jpg 1 303 11 267 268
samples/negative_unlabelled/n03954393_784.jpg 1 7 2 188 185
samples/negative_unlabelled/n03954393_8028.jpg 1 180 105 115 122
samples/negative_unlabelled/n03954393_8192.jpg 2 291 5 299 290 1 4 294 294
samples/negative_unlabelled/n03954393_873.jpg 2 3 4 488 488 256 179 90 92
samples/negative_unlabelled/n03954393_893.jpg 2 -2 299 297 297 35 453 7 7
samples/negative_unlabelled/n03954393_9112.jpg 1 115 62 16 17
samples/negative_unlabelled/n03954393_9242.jpg 1 28 26 487 482
samples/negative_unlabelled/n03954393_9659.jpg 13 210 62 15 15 203 208 78 78 247 46 60 60 87 132 42 42 199 126 58 58 297 122 42 42 107 206 83 83 337 49 12 12 125 63 47 47 282 288 58 59 167 290 67 67 405 103 67 67 387 202 97 97
samples/negative_unlabelled/n04349189_1094.jpg 53 264 139 16 16 380 99 15 15 310 139 16 16 241 139 16 16 230 159 15 15 62 93 12 12 45 112 20 20 149 218 16 16 64 230 15 15 148 140 16 16 137 198 16 16 423 177 16 16 172 218 16 16 103 218 16 16 455 195 15 16 61 193 16 16 298 197 16 16 126 218 16 16 334 138 16 16 207 237 16 16 477 195 16 16 333 218 15 15 125 140 16 16 138 159 14 14 40 212 16 16 322 157 16 16 287 217 16 16 253 198 15 15 411 235 16 16 102 140 16 16 435 157 16 16 433 196 16 16 298 237 16 16 37 139 16 16 388 236 16 16 160 159 16 16 287 179 15 15 356 177 16 16 64 35 14 17 444 215 16 16 378 177 16 16 446 138 16 16 195 179 16 16 424 138 16 16 171 179 16 16 103 179 16 16 75 248 7 7 148 179 17 17 103 88 9 9 468 137 16 16 400 216 16 16 402 138 16 16 467 177 16 15
samples/negative_unlabelled/n04349189_1185.jpg 5 63 323 43 48 71 333 28 28 332 289 6 6 407 176 5 5 368 400 6 6
samples/negative_unlabelled/n04349189_1300.jpg 1 217 147 61 59
samples/negative_unlabelled/n04349189_1447.jpg 3 141 99 93 79 130 38 13 11 138 26 11 13
samples/negative_unlabelled/n04349189_1567.jpg 1 19 15 6 6
samples/negative_unlabelled/n04349189_1732.jpg 1 10 12 213 213
samples/negative_unlabelled/n04349189_1884.jpg 2 9 1 135 135 57 115 9 9
samples/negative_unlabelled/n04349189_2334.jpg 2 273 68 200 200 30 68 200 198
samples/negative_unlabelled/n04349189_2649.jpg 1 4 9 222 222
samples/negative_unlabelled/n04349189_2693.jpg 1 9 5 237 237
samples/negative_unlabelled/n04349189_2746.jpg 1 7 2 278 275
samples/negative_unlabelled/n04349189_2831.jpg 3 223 110 114 116 191 79 178 178 154 125 12 12
samples/negative_unlabelled/n04349189_3059.jpg 2 1 0 140 140 159 1 139 139
samples/negative_unlabelled/n04349189_3175.jpg 2 110 421 13 13 494 248 38 41
samples/negative_unlabelled/n04349189_3395.jpg 1 480 45 10 18
samples/negative_unlabelled/n04349189_454.jpg 1 50 8 46 46
samples/negative_unlabelled/n04349189_546.jpg 14 45 27 122 122 128 250 58 58 52 172 56 57 367 227 84 83 307 163 78 78 277 15 79 79 168 21 76 75 376 15 63 63 230 168 72 72 45 241 68 68 161 111 61 61 310 94 61 61 281 246 64 64 146 193 25 25
samples/negative_unlabelled/n04349189_614.jpg 1 11 4 269 269
samples/negative_unlabelled/n04448361_10105.jpg 1 7 2 278 275
samples/negative_unlabelled/n04448361_10185.jpg 1 319 353 16 23
samples/negative_unlabelled/n04448361_10262.jpg 1 7 0 329 331
samples/negative_unlabelled/n04448361_10337.jpg 3 223 110 114 116 191 79 178 178 154 125 12 12
samples/negative_unlabelled/n04448361_10509.jpg 1 423 42 7 7
samples/negative_unlabelled/n04448361_10589.jpg 3 183 15 152 152 11 7 157 157 110 126 15 14
samples/negative_unlabelled/n04448361_10692.jpg 1 6 1 330 330
samples/negative_unlabelled/n04448361_10813.jpg 1 261 169 6 6
samples/negative_unlabelled/n04448361_10904.jpg 2 -1 9 63 63 90 24 18 18
samples/negative_unlabelled/n04448361_1102.jpg 1 16 17 143 143
samples/negative_unlabelled/n04448361_11092.jpg 4 97 370 31 23 373 363 22 29 415 152 10 10 249 163 26 26
samples/negative_unlabelled/n04448361_11189.jpg 5 584 197 24 24 161 35 29 34 115 51 31 34 165 40 21 25 69 294 7 7
samples/negative_unlabelled/n04448361_11292.jpg 4 6 7 486 482 373 431 8 8 407 402 8 8 364 437 9 8
samples/negative_unlabelled/n04448361_12026.jpg 2 70 94 10 6 221 47 21 21
samples/negative_unlabelled/n04448361_12181.jpg 4 54 50 232 231 41 35 260 262 201 190 16 12 5 2 331 329
samples/negative_unlabelled/n04448361_12239.jpg 2 6 8 236 236 27 132 12 12
samples/negative_unlabelled/n04448361_1407.jpg 1 3 1 110 110
samples/negative_unlabelled/n04448361_1623.jpg 4 9 13 313 312 219 226 23 19 224 230 13 12 122 187 16 14
samples/negative_unlabelled/n04448361_1691.jpg 3 1 2 94 92 27 10 8 8 18 16 7 7
samples/negative_unlabelled/n04448361_1795.jpg 14 220 329 13 14 463 198 11 11 417 182 8 13 359 120 8 10 408 156 8 12 392 109 7 11 415 81 7 10 385 90 8 10 483 117 10 5 316 91 11 6 379 72 6 10 343 63 7 9 372 55 7 9 407 64 7 9
samples/negative_unlabelled/n04448361_2150.jpg 1 3 -1 330 329
samples/negative_unlabelled/n04448361_2226.jpg 2 171 370 10 11 206 190 85 85
samples/negative_unlabelled/n04448361_2494.jpg 1 196 196 10 11
samples/negative_unlabelled/n04448361_2557.jpg 2 345 150 6 6 347 174 7 7
samples/negative_unlabelled/n04448361_2645.jpg 1 287 168 20 20
samples/negative_unlabelled/n04448361_2952.jpg 3 6 4 88 92 28 27 42 42 69 63 11 11
samples/negative_unlabelled/n04448361_3021.jpg 2 149 271 12 12 61 162 14 9
samples/negative_unlabelled/n04448361_3109.jpg 1 77 19 12 10
samples/negative_unlabelled/n04448361_3272.jpg 11 183 123 16 16 266 126 14 16 191 182 17 17 361 188 17 17 365 193 8 7 219 125 17 15 144 95 17 13 340 74 15 15 403 193 6 9 152 247 9 7 276 252 4 4
samples/negative_unlabelled/n04448361_3443.jpg 2 388 188 10 11 453 168 10 10
samples/negative_unlabelled/n04448361_3638.jpg 2 143 233 5 5 102 266 7 7
samples/negative_unlabelled/n04448361_3724.jpg 4 256 170 12 12 189 202 5 5 188 122 9 10 90 162 7 13
samples/negative_unlabelled/n04448361_3759.jpg 2 249 23 26 14 5 7 131 131
samples/negative_unlabelled/n04448361_3847.jpg 2 14 -3 186 200 146 42 12 12
samples/negative_unlabelled/n04448361_4101.jpg 1 242 4 237 232
samples/negative_unlabelled/n04448361_4434.jpg 1 196 146 28 33
samples/negative_unlabelled/n04448361_467.jpg 1 6 3 276 275
samples/negative_unlabelled/n04448361_4763.jpg 3 205 91 12 12 151 378 94 94 178 406 40 39
samples/negative_unlabelled/n04448361_496.jpg 1 45 37 250 254
samples/negative_unlabelled/n04448361_512.jpg 2 5 10 238 234 417 207 15 15
samples/negative_unlabelled/n04448361_5267.jpg 8 116 164 11 11 436 185 18 13 365 168 13 9 362 185 16 11 212 98 10 14 241 293 11 11 284 180 13 15 130 109 8 10
samples/negative_unlabelled/n04448361_5378.jpg 3 14 16 300 302 339 14 303 303 205 94 8 8
samples/negative_unlabelled/n04448361_5694.jpg 10 391 55 18 18 302 56 17 18 396 59 9 9 173 43 6 6 273 32 164 164 157 41 6 10 305 62 101 101 306 60 9 9 326 47 9 9 301 58 108 109
samples/negative_unlabelled/n04448361_5784.jpg 1 8 3 479 479
samples/negative_unlabelled/n04448361_610.jpg 4 16 18 33 35 6 70 52 54 6 9 53 53 90 9 53 53
samples/negative_unlabelled/n04448361_6188.jpg 2 11 0 324 331 208 190 11 13
samples/negative_unlabelled/n04448361_6409.jpg 3 0 3 331 329 40 40 255 255 80 279 20 20
samples/negative_unlabelled/n04448361_680.jpg 4 10 64 57 61 52 15 46 43 47 6 57 62 88 74 44 44
samples/negative_unlabelled/n04448361_7053.jpg 1 26 16 50 48
samples/negative_unlabelled/n04448361_7315.jpg 1 9 -5 215 229
samples/negative_unlabelled/n04448361_7384.jpg 1 109 25 273 272
samples/negative_unlabelled/n04448361_7497.jpg 2 398 40 287 287 64 39 288 287
samples/negative_unlabelled/n04448361_7779.jpg 1 26 22 452 452
samples/negative_unlabelled/n04448361_7902.jpg 1 8 3 325 328
samples/negative_unlabelled/n04448361_8240.jpg 1 16 15 8 8
samples/negative_unlabelled/n04448361_8525.jpg 2 9 9 232 232 268 10 219 219
samples/negative_unlabelled/n04448361_8660.jpg 2 273 68 200 200 30 68 200 198
samples/negative_unlabelled/n04448361_8781.jpg 2 239 113 146 148 391 281 13 13
samples/negative_unlabelled/n04448361_887.jpg 7 566 82 397 397 287 128 7 7 743 158 9 9 622 293 9 9 808 319 14 10 689 315 9 9 856 170 10 9
samples/negative_unlabelled/n04448361_897.jpg 1 66 45 13 11
samples/negative_unlabelled/n04448361_9212.jpg 1 10 10 80 80
samples/negative_unlabelled/n04448361_9466.jpg 1 231 281 7 7
samples/negative_unlabelled/n04448361_9682.jpg 1 304 171 15 10
samples/negative_unlabelled/n04448361_9773.jpg 1 54 29 217 217
samples/negative_unlabelled/n04448361_9865.jpg 1 254 247 103 113
samples/negative_unlabelled/n04448361_9938.jpg 1 29 56 10 9
samples/negative_unlabelled/n04448361_9991.jpg 5 178 310 12 12 83 184 12 12 200 303 26 26 307 187 11 11 149 317 12 12
samples/negative_unlabelled/n11691046_10148.jpg 2 442 1700 6 6 777 243 11 9
samples/negative_unlabelled/n11691046_10430.jpg 1 21 407 12 12
samples/negative_unlabelled/n11691046_11810.jpg 1 429 78 18 20
samples/negative_unlabelled/n11691046_12051.jpg 1 362 368 41 39
samples/negative_unlabelled/n11691046_12671.jpg 1 231 179 10 10
samples/negative_unlabelled/n11691046_13148.jpg 1 104 62 12 12
samples/negative_unlabelled/n11691046_13425.jpg 4 1108 395 12 12 1470 904 9 9 1092 912 18 18 45 579 6 6
samples/negative_unlabelled/n11691046_13473.jpg 2 379 82 6 6 315 143 18 9
samples/negative_unlabelled/n11691046_13691.jpg 1 396 144 12 9
samples/negative_unlabelled/n11691046_13971.jpg 1 190 289 9 9
samples/negative_unlabelled/n11691046_14060.jpg 5 489 197 9 7 476 182 11 8 71 187 10 8 76 219 10 8 370 21 9 9
samples/negative_unlabelled/n11691046_14170.jpg 1 190 240 10 7
samples/negative_unlabelled/n11691046_14514.jpg 2 990 749 12 12 858 749 12 12
samples/negative_unlabelled/n11691046_16446.jpg 1 100 179 11 11
samples/negative_unlabelled/n11691046_16780.jpg 2 378 18 18 18 45 284 15 15
samples/negative_unlabelled/n11691046_17619.jpg 1 203 159 10 10
samples/negative_unlabelled/n11691046_18350.jpg 1 273 202 6 6
samples/negative_unlabelled/n11691046_19054.jpg 1 470 17 12 15
samples/negative_unlabelled/n11691046_19703.jpg 1 95 272 13 13
samples/negative_unlabelled/n11691046_19935.jpg 1 3516 1742 10 10
samples/negative_unlabelled/n11691046_20412.jpg 1 67 157 8 7
samples/negative_unlabelled/n11691046_20494.jpg 1 133 359 9 10
samples/negative_unlabelled/n11691046_20845.jpg 1 74 79 5 5
samples/negative_unlabelled/n11691046_21254.jpg 1 435 122 18 18
samples/negative_unlabelled/n11691046_21449.jpg 1 476 360 8 8
samples/negative_unlabelled/n11691046_23452.jpg 1 197 11 29 29
samples/negative_unlabelled/n11691046_24208.jpg 2 123 296 9 9 320 310 11 11
samples/negative_unlabelled/n11691046_25290.jpg 2 368 658 10 10 7 523 8 11
samples/negative_unlabelled/n11691046_25809.jpg 1 209 436 10 10
samples/negative_unlabelled/n11691046_26015.jpg 2 337 442 24 24 469 264 19 19
samples/negative_unlabelled/n11691046_26749.jpg 1 287 327 7 7
samples/negative_unlabelled/n11691046_4907.jpg 1 419 74 7 7
samples/negative_unlabelled/n11691046_5630.jpg 1 279 351 9 4
samples/negative_unlabelled/n11691046_5920.jpg 1 126 82 7 7
samples/negative_unlabelled/n11691046_6266.jpg 3 484 342 16 13 102 344 17 17 364 113 14 14
samples/negative_unlabelled/n11691046_6515.jpg 1 705 534 8 8
samples/negative_unlabelled/n11691046_6746.jpg 1 273 52 11 11
samples/negative_unlabelled/n11691046_6989.jpg 2 297 319 7 8 632 35 10 10
samples/negative_unlabelled/n11691046_8339.jpg 3 415 18 7 7 520 379 8 8 518 183 8 11
samples/negative_unlabelled/n11691046_9144.jpg 2 69 104 12 12 299 119 8 8
samples/negative_unlabelled/n11691046_9582.jpg 1 295 172 15 17
samples/negative_unlabelled/n11691046_977.jpg 2 467 54 5 5 191 167 4 4
samples/negative_unlabelled/n11692792_1041.jpg 1 321 53 6 6
samples/negative_unlabelled/n11692792_1537.jpg 1 30 238 14 14
samples/negative_unlabelled/n11692792_1872.jpg 3 2 313 14 14 7 330 13 13 57 429 14 14
samples/negative_unlabelled/n11692792_1999.jpg 1 29 362 7 7
samples/negative_unlabelled/n11692792_2204.jpg 7 183 215 7 7 402 248 7 7 124 166 8 10 140 44 6 6 61 232 7 7 199 200 6 6 48 105 8 9
samples/negative_unlabelled/n11692792_243.jpg 1 50 499 14 14
samples/negative_unlabelled/n11692792_2517.jpg 1 237 437 7 7
samples/negative_unlabelled/n11692792_2951.jpg 2 52 13 14 9 247 112 12 12
samples/negative_unlabelled/n11692792_3663.jpg 1 231 64 9 9
samples/negative_unlabelled/n11692792_4032.jpg 1 199 17 10 10
samples/negative_unlabelled/n11692792_4518.jpg 4 272 219 8 8 391 70 8 8 53 -1 9 9 199 21 8 8
samples/negative_unlabelled/n11692792_4949.jpg 1 20 200 13 12
samples/negative_unlabelled/n11692792_5326.jpg 3 260 305 13 13 74 297 27 16 83 242 11 11
samples/negative_unlabelled/n11692792_6214.jpg 2 331 417 18 12 370 483 12 12
samples/negative_unlabelled/n11692792_6388.jpg 5 349 436 19 11 767 419 5 5 731 440 6 6 512 441 14 13 612 43 9 9
samples/negative_unlabelled/n11692792_6452.jpg 3 155 255 14 14 345 207 11 11 18 298 10 10
samples/negative_unlabelled/n11692792_6798.jpg 1 86 3 24 17
samples/negative_unlabelled/n11692792_7016.jpg 2 59 8 12 12 7 217 13 13
samples/negative_unlabelled/n11692792_7173.jpg 2 756 161 24 21 540 515 9 11
samples/negative_unlabelled/n11692792_7230.jpg 2 284 535 28 13 773 27 7 7
samples/negative_unlabelled/n11692792_8172.jpg 1 71 106 10 10
samples/negative_unlabelled/n11692792_891.jpg 1 422 322 10 7
samples/negative_unlabelled/n13007034_10137.jpg 1 257 245 7 7
samples/negative_unlabelled/n13007034_10442.jpg 5 324 258 8 8 257 288 9 9 289 273 8 8 102 65 13 13 101 81 11 11
samples/negative_unlabelled/n13007034_11013.jpg 1 24 418 9 9
samples/negative_unlabelled/n13007034_12050.jpg 2 314 111 9 9 219 128 7 7
samples/negative_unlabelled/n13007034_12935.jpg 2 431 222 15 23 21 130 24 13
samples/negative_unlabelled/n13007034_13014.jpg 1 456 286 7 7
samples/negative_unlabelled/n13007034_13974.jpg 2 147 250 11 11 15 283 12 12
samples/negative_unlabelled/n13007034_14525.jpg 1 40 319 9 9
samples/negative_unlabelled/n13007034_1460.jpg 1 264 463 11 11
samples/negative_unlabelled/n13007034_15279.jpg 1 143 374 5 5
samples/negative_unlabelled/n13007034_1600.jpg 3 284 47 7 8 265 61 7 7 283 278 10 8
samples/negative_unlabelled/n13007034_1748.jpg 3 320 181 16 16 134 140 10 7 165 157 10 10
samples/negative_unlabelled/n13007034_2707.jpg 1 73 211 7 12
samples/negative_unlabelled/n13007034_2972.jpg 1 51 290 21 21
samples/negative_unlabelled/n13007034_3506.jpg 1 438 260 40 40
samples/negative_unlabelled/n13007034_42.jpg 2 139 249 6 6 51 264 9 9
samples/negative_unlabelled/n13007034_4513.jpg 1 122 252 7 7
samples/negative_unlabelled/n13007034_4897.jpg 1 129 166 8 9
samples/negative_unlabelled/n13007034_5096.jpg 1 66 137 26 26
samples/negative_unlabelled/n13007034_5244.jpg 1 421 33 9 9
samples/negative_unlabelled/n13007034_559.jpg 2 274 522 7 7 144 355 7 25
samples/negative_unlabelled/n13007034_5702.jpg 1 237 51 8 5
samples/negative_unlabelled/n13007034_6008.jpg 1 104 203 6 6
samples/negative_unlabelled/n13007034_6622.jpg 1 361 191 9 9
samples/negative_unlabelled/n13007034_6887.jpg 1 228 261 12 14
samples/negative_unlabelled/n13007034_7012.jpg 5 2233 1732 15 15 363 1269 19 23 1585 1084 13 10 2623 1416 8 8 1302 62 13 13
samples/negative_unlabelled/n13007034_9261.jpg 1 342 174 25 25
samples/negative_unlabelled/n13007034_9424.jpg 1 293 87 8 9
samples/negative_unlabelled/n13007034_963.jpg 1 398 197 5 7
samples/negative_unlabelled/n13007034_9887.jpg 1 83 254 8 11
samples/negative_unlabelled/n13873502_10762.jpg 12 95 198 37 23 359 162 47 48 14 221 55 39 270 284 59 40 79 340 33 30 99 182 32 57 230 42 33 42 68 204 35 53 125 166 25 50 339 239 49 57 313 86 19 25 195 105 12 12
samples/negative_unlabelled/n13873502_10946.jpg 15 232 410 61 63 118 173 8 8 309 102 30 30 167 28 59 57 140 60 10 10 0 25 31 32 198 348 29 29 112 117 32 32 337 132 10 12 21 51 30 30 111 156 32 32 264 304 51 51 85 135 31 31 126 377 8 8 66 122 10 10
samples/negative_unlabelled/n13873502_11593.jpg 2 89 167 133 134 117 198 80 79
samples/negative_unlabelled/n13873502_11950.jpg 1 170 129 126 140
samples/negative_unlabelled/n13873502_12191.jpg 37 416 273 20 20 265 295 20 20 301 264 30 30 355 348 32 32 369 256 20 20 261 345 20 20 373 188 19 19 375 221 19 19 298 334 19 19 323 223 30 30 265 206 19 22 306 269 21 21 328 228 20 20 353 287 21 21 419 179 19 20 127 293 20 22 174 272 21 21 186 336 21 21 83 320 31 32 212 392 32 32 218 397 21 21 54 191 20 20 145 228 30 30 123 360 21 22 110 263 21 21 167 386 22 21 63 283 21 21 51 237 21 21 117 355 31 31 212 126 21 20 58 278 30 30 47 233 29 29 361 155 19 19 259 125 21 21 325 183 20 20 111 161 20 20 297 141 25 29
samples/negative_unlabelled/n13873502_12836.jpg 1 47 74 310 302
samples/negative_unlabelled/n13873502_13093.jpg 2 64 63 365 365 44 150 32 23
samples/negative_unlabelled/n13873502_13412.jpg 3 71 75 358 361 64 71 372 368 79 84 343 342
samples/negative_unlabelled/n13873502_13695.jpg 1 363 163 55 58
samples/negative_unlabelled/n13873502_13860.jpg 1 109 29 299 294
samples/negative_unlabelled/n13873502_13974.jpg 4 307 396 9 9 369 359 9 9 168 100 9 9 249 318 6 6
samples/negative_unlabelled/n13873502_14181.jpg 14 101 103 23 23 144 335 19 19 313 164 18 20 119 355 24 23 119 119 25 25 333 144 18 20 335 333 19 20 122 122 19 19 164 164 19 19 122 358 18 19 165 314 18 20 162 312 24 24 142 143 19 19 88 395 16 15
samples/negative_unlabelled/n13873502_1495.jpg 1 44 263 8 11
samples/negative_unlabelled/n13873502_15418.jpg 1 18 250 18 18
samples/negative_unlabelled/n13873502_15556.jpg 11 315 283 38 40 225 151 41 41 196 242 92 92 381 302 36 37 305 172 38 40 391 128 108 118 287 62 39 39 56 254 41 41 3 165 42 42 412 39 36 35 346 5 38 35
samples/negative_unlabelled/n13873502_16061.jpg 55 399 145 54 54 83 46 42 47 385 252 44 44 354 103 55 57 251 83 55 49 345 160 52 53 303 63 58 55 374 295 45 41 209 43 53 50 259 19 53 58 289 266 37 46 421 288 52 40 250 139 53 45 293 177 51 45 251 232 34 48 124 135 48 36 416 323 36 50 18 83 42 35 29 173 43 28 361 40 59 61 57 112 37 42 299 122 56 49 211 240 33 46 89 97 40 44 323 306 42 31 210 316 32 38 47 67 45 38 277 346 42 30 66 155 30 42 207 282 37 38 66 202 41 26 31 124 30 42 130 178 41 39 245 312 35 39 245 344 29 39 100 187 34 40 3 145 38 22 -2 107 37 21 319 339 36 36 170 325 41 26 210 347 27 39 89 333 33 22 103 273 39 19 57 274 28 31 87 301 29 30 121 325 22 35 140 330 28 16 77 248 30 20 79 273 37 24 119 358 28 19 31 233 17 14 24 381 21 21 45 379 14 27 54 203 14 29 35 361 22 21
samples/negative_unlabelled/n13873502_16309.jpg 1 36 70 82 75
samples/negative_unlabelled/n13873502_16490.jpg 22 139 1576 50 50 65 1592 36 36 200 651 15 14 175 650 13 16 187 650 13 16 212 651 16 13 431 1094 10 10 238 650 15 15 33 383 8 8 254 684 37 37 352 1121 11 11 383 1651 11 11 383 1559 11 11 383 1536 11 11 383 1628 11 11 352 1213 11 11 60 791 8 8 156 1058 50 50 352 1167 11 11 464 1334 12 12 69 1700 123 141 40 145 16 15
samples/negative_unlabelled/n13873502_16642.jpg 5 255 197 6 6 178 79 6 6 325 460 7 7 432 114 6 6 394 420 6 6
samples/negative_unlabelled/n13873502_16834.jpg 3 45 41 20 18 465 104 13 14 276 232 10 10
samples/negative_unlabelled/n13873502_170.jpg 4 217 391 13 6 233 390 9 6 330 81 6 16 311 338 5 5
samples/negative_unlabelled/n13873502_17118.jpg 18 279 200 6 6 82 74 11 9 111 47 11 9 108 35 10 10 119 34 11 9 30 287 9 11 94 72 9 10 151 388 6 6 148 378 6 6 157 375 6 6 141 273 10 10 288 335 15 15 265 199 6 6 127 298 8 11 122 322 9 10 152 32 21 21 131 62 21 21 333 433 11 7
samples/negative_unlabelled/n13873502_17442.jpg 1 211 158 84 89
samples/negative_unlabelled/n13873502_1764.jpg 5 270 11 49 49 389 95 31 46 425 137 43 26 330 61 49 37 472 158 23 40
samples/negative_unlabelled/n13873502_18359.jpg 1 130 64 159 158
samples/negative_unlabelled/n13873502_1915.jpg 4 411 276 12 5 217 340 13 11 150 387 9 10 223 361 9 7
samples/negative_unlabelled/n13873502_19544.jpg 11 91 90 117 117 82 82 133 133 378 218 8 17 390 214 12 8 362 279 15 8 402 209 10 7 366 294 7 9 339 297 8 8 404 224 7 9 352 302 9 11 373 178 8 8
samples/negative_unlabelled/n13873502_19794.jpg 2 299 310 36 42 96 82 64 64
samples/negative_unlabelled/n13873502_20037.jpg 28 267 367 7 7 139 184 7 7 225 367 7 7 167 340 7 7 367 267 7 7 340 324 7 7 130 288 7 7 124 267 7 7 352 184 7 7 184 352 7 7 288 361 7 7 184 139 7 7 367 224 7 7 139 307 7 7 307 139 7 7 151 325 8 8 203 130 8 8 352 307 7 7 224 124 7 7 369 245 7 7 307 352 7 7 340 166 7 7 267 124 7 7 245 122 7 7 324 151 7 7 361 287 7 7 130 204 7 7 361 203 7 7
samples/negative_unlabelled/n13873502_20265.jpg 2 449 314 6 6 476 243 8 8
samples/negative_unlabelled/n13873502_20526.jpg 1 177 219 9 9
samples/negative_unlabelled/n13873502_20708.jpg 1 338 162 117 112
samples/negative_unlabelled/n13873502_20833.jpg 4 249 0 124 124 1 374 122 122 377 376 115 115 128 2 118 118
samples/negative_unlabelled/n13873502_2105.jpg 1 476 182 7 7
samples/negative_unlabelled/n13873502_21249.jpg 4 192 48 44 44 383 41 48 48 116 88 48 48 294 128 48 48
samples/negative_unlabelled/n13873502_21593.jpg 24 386 42 27 28 321 68 22 22 74 176 13 13 14 263 38 38 409 362 38 38 415 115 32 32 339 414 14 14 177 190 11 11 365 267 28 28 22 103 36 35 460 112 34 34 171 72 19 19 69 16 25 25 467 165 25 25 368 216 27 27 366 416 28 30 71 68 25 25 316 364 32 34 124 174 14 14 273 470 21 21 317 466 30 31 318 318 30 30 72 224 19 19 111 15 32 32
samples/negative_unlabelled/n13873502_21828.jpg 24 293 331 19 19 80 325 47 50 379 269 58 58 142 308 48 49 24 252 46 48 114 175 20 20 31 26 46 45 400 143 20 20 56 203 21 21 127 277 21 21 54 127 46 47 -3 110 55 51 285 192 49 49 187 261 48 48 39 185 56 56 65 65 54 54 381 124 58 58 263 59 48 48 253 129 56 56 255 246 20 20 342 63 20 20 222 102 19 19 196 31 53 53 284 21 16 16
samples/negative_unlabelled/n13873502_22320.jpg 3 99 20 288 289 171 94 148 148 115 37 260 262
samples/negative_unlabelled/n13873502_22457.jpg 3 242 328 213 213 36 338 191 191 253 338 191 191
samples/negative_unlabelled/n13873502_22695.jpg 2 167 114 53 52 161 107 65 65
samples/negative_unlabelled/n13873502_2286.jpg 1 265 259 9 12
samples/negative_unlabelled/n13873502_23238.jpg 1 278 255 7 7
samples/negative_unlabelled/n13873502_24230.jpg 1 399 141 9 9
samples/negative_unlabelled/n13873502_25892.jpg 1 5 5 490 490
samples/negative_unlabelled/n13873502_26282.jpg 1 440 150 26 16
samples/negative_unlabelled/n13873502_27021.jpg 2 46 33 18 22 4 19 16 16
samples/negative_unlabelled/n13873502_27232.jpg 1 412 331 73 34
samples/negative_unlabelled/n13873502_27770.jpg 2 319 568 12 12 566 260 52 52
samples/negative_unlabelled/n13873502_28068.jpg 1 304 393 7 7
samples/negative_unlabelled/n13873502_29114.jpg 10 364 279 57 62 426 163 34 32 302 254 58 58 385 144 33 33 349 180 100 97 404 339 34 34 323 97 32 32 193 121 31 31 202 157 31 31 87 91 30 30
samples/negative_unlabelled/n13873502_3560.jpg 3 198 65 112 122 183 184 10 14 60 90 7 7
samples/negative_unlabelled/n13873502_3771.jpg 1 305 212 181 181
samples/negative_unlabelled/n13873502_3880.jpg 1 49 151 5 5
samples/negative_unlabelled/n13873502_4272.jpg 3 319 70 15 7 103 473 8 8 283 466 9 9
samples/negative_unlabelled/n13873502_4592.jpg 1 395 232 22 22
samples/negative_unlabelled/n13873502_4955.jpg 2 238 208 12 14 479 63 7 7
samples/negative_unlabelled/n13873502_556.jpg 1 185 140 10 10
samples/negative_unlabelled/n13873502_6186.jpg 1 0 180 6 6
samples/negative_unlabelled/n13873502_6921.jpg 1 92 195 18 8
samples/negative_unlabelled/n13873502_7256.jpg 38 296 170 14 14 76 360 30 35 222 344 38 35 416 281 24 27 355 273 20 21 360 127 45 35 27 449 15 18 126 221 54 65 222 177 82 71 245 165 13 13 327 247 23 23 69 321 17 13 134 284 14 14 352 190 20 21 27 217 14 13 264 344 22 22 296 257 12 12 145 191 16 18 81 216 21 18 485 280 5 5 90 239 27 30 197 447 17 17 331 111 28 34 35 300 27 33 291 348 15 16 107 205 23 25 436 111 25 20 158 425 23 22 302 392 20 20 151 308 11 11 251 93 10 13 197 166 33 28 379 244 9 9 70 230 10 10 159 139 18 18 156 110 9 9 228 21 16 16 191 6 27 23
samples/negative_unlabelled/n13873502_8046.jpg 1 235 167 52 52
samples/negative_unlabelled/n13873502_8137.jpg 1 178 86 160 160
samples/negative_unlabelled/n13873502_8285.jpg 45 27 24 47 48 53 7 12 12 108 12 12 12 143 322 12 12 93 30 40 40 69 67 12 12 107 317 22 22 188 316 12 12 197 329 9 9 72 7 22 22 26 9 9 9 89 73 9 9 170 22 22 22 182 269 39 39 143 276 21 21 317 327 12 11 232 244 12 12 15 23 9 9 20 71 12 12 36 325 9 9 -1 43 12 11 47 79 9 9 355 337 9 9 318 276 22 22 6 261 38 38 54 269 22 22 14 322 11 11 30 186 9 9 59 186 12 12 84 191 39 39 204 184 12 12 174 210 7 12 182 222 12 12 185 188 9 9 270 200 12 11 33 204 39 40 130 222 38 38 130 202 13 11 139 186 9 9 302 196 21 23 82 233 9 9 324 213 16 16 66 247 12 12 35 384 7 11 66 395 14 5
samples/negative_unlabelled/n13873502_8785.jpg 2 207 49 10 10 232 83 10 10
samples/negative_unlabelled/n13873502_8937.jpg 1 157 205 5 5
samples/negative_unlabelled/n13873502_9138.jpg 3 30 75 231 231 317 71 231 231 59 78 172 172
samples/negative_unlabelled/n13873502_9236.jpg 4 390 187 27 27 321 196 7 8 29 32 9 9 27 162 9 9
samples/negative_unlabelled/n13873502_9468.jpg 6 427 203 37 45 289 331 47 47 321 303 54 34 279 195 38 44 174 285 36 52 131 320 43 51
samples/negative_unlabelled/n13873917_10092.jpg 1 406 177 8 10
samples/negative_unlabelled/n13873917_10648.jpg 3 232 230 23 23 323 289 15 15 158 290 13 13
samples/negative_unlabelled/n13873917_10959.jpg 3 124 474 7 7 69 474 7 7 126 232 9 9
samples/negative_unlabelled/n13873917_12188.jpg 1 92 80 432 432
samples/negative_unlabelled/n13873917_12552.jpg 6 9 4 665 665 276 274 130 130 16 11 652 652 283 283 115 114 60 56 563 563 24 25 634 634
samples/negative_unlabelled/n13873917_12765.jpg 7 66 118 528 515 397 350 13 14 305 342 65 69 399 352 8 8 278 347 9 9 340 302 8 8 374 429 9 9
samples/negative_unlabelled/n13873917_13106.jpg 8 299 442 23 23 320 294 23 22 285 432 45 45 382 430 22 22 395 337 23 23 262 358 22 23 385 433 16 16 324 297 16 16
samples/negative_unlabelled/n13873917_13364.jpg 1 4 227 6 6
samples/negative_unlabelled/n13873917_13553.jpg 4 188 139 10 10 179 91 5 5 211 123 5 5 130 82 6 6
samples/negative_unlabelled/n13873917_14103.jpg 2 114 37 251 253 97 18 289 289
samples/negative_unlabelled/n13873917_14609.jpg 1 247 168 34 34
samples/negative_unlabelled/n13873917_14755.jpg 1 859 192 1529 1739
samples/negative_unlabelled/n13873917_15298.jpg 1 1 100 55 52
samples/negative_unlabelled/n13873917_15669.jpg 1 147 67 189 141
samples/negative_unlabelled/n13873917_15772.jpg 1 91 34 146 209
samples/negative_unlabelled/n13873917_15942.jpg 1 97 39 302 302
samples/negative_unlabelled/n13873917_16090.jpg 1 221 145 43 40
samples/negative_unlabelled/n13873917_16944.jpg 1 3 27 14 11
samples/negative_unlabelled/n13873917_17477.jpg 3 174 155 16 16 153 166 17 17 171 174 18 18
samples/negative_unlabelled/n13873917_17616.jpg 1 396 204 14 14
samples/negative_unlabelled/n13873917_18549.jpg 1 205 101 36 43
samples/negative_unlabelled/n13873917_18751.jpg 3 262 195 11 11 380 138 7 7 419 238 7 7
samples/negative_unlabelled/n13873917_18955.jpg 6 198 128 120 117 214 109 9 10 59 39 396 331 272 66 9 8 289 81 8 10 292 103 10 8
samples/negative_unlabelled/n13873917_1933.jpg 6 73 70 71 75 163 172 78 79 128 260 7 7 64 171 79 79 457 156 8 8 47 72 7 7
samples/negative_unlabelled/n13873917_19614.jpg 3 78 28 339 337 257 333 7 7 118 66 259 260
samples/negative_unlabelled/n13873917_20274.jpg 1 -1 0 499 499
samples/negative_unlabelled/n13873917_2066.jpg 3 254 228 14 14 220 226 13 13 225 188 42 42
samples/negative_unlabelled/n13873917_21102.jpg 1 168 70 5 5
samples/negative_unlabelled/n13873917_21481.jpg 2 285 155 12 12 245 366 7 7
samples/negative_unlabelled/n13873917_2167.jpg 1 327 182 102 103
samples/negative_unlabelled/n13873917_223.jpg 6 119 256 13 11 267 255 15 15 286 280 13 14 186 236 16 16 166 130 10 5 231 206 14 14
samples/negative_unlabelled/n13873917_23280.jpg 8 214 226 35 35 347 185 9 11 100 226 11 8 112 289 7 13 178 202 7 7 234 348 8 11 268 325 8 8 252 315 7 7
samples/negative_unlabelled/n13873917_23579.jpg 1 16 32 329 330
samples/negative_unlabelled/n13873917_23715.jpg 1 261 158 13 13
samples/negative_unlabelled/n13873917_23887.jpg 3 103 110 233 232 203 208 35 35 205 210 30 30
samples/negative_unlabelled/n13873917_24077.jpg 1 232 243 6 7
samples/negative_unlabelled/n13873917_248.jpg 2 137 60 234 234 128 51 253 252
samples/negative_unlabelled/n13873917_25737.jpg 1 269 9 12 12
samples/negative_unlabelled/n13873917_27004.jpg 2 224 152 15 15 174 101 117 117
samples/negative_unlabelled/n13873917_27540.jpg 3 269 269 13 13 378 160 12 11 262 76 8 8
samples/negative_unlabelled/n13873917_348.jpg 1 29 194 8 11
samples/negative_unlabelled/n13873917_3673.jpg 2 165 613 17 18 79 84 9 12
samples/negative_unlabelled/n13873917_3895.jpg 5 331 444 9 9 2 0 496 496 86 303 11 14 66 485 7 7 153 183 9 9
samples/negative_unlabelled/n13873917_4473.jpg 1 205 129 110 110
samples/negative_unlabelled/n13873917_472.jpg 38 262 161 53 53 320 161 53 53 143 162 54 54 262 106 44 44 201 162 54 52 206 106 45 45 267 165 44 44 324 166 44 44 203 281 54 54 143 222 54 53 258 102 53 53 262 280 54 54 265 226 45 42 203 222 54 54 322 220 53 53 143 282 53 53 141 104 54 54 145 109 45 43 203 44 52 52 87 226 44 44 324 106 43 43 379 278 52 52 319 102 52 52 327 284 45 44 208 167 42 42 322 49 43 43 381 107 43 43 377 103 51 51 88 108 44 44 30 286 44 44 31 109 43 43 440 281 43 43 209 227 42 42 264 45 43 43 90 51 43 42 440 221 43 43 380 50 43 42 431 46 47 51
samples/negative_unlabelled/n13873917_5998.jpg 2 136 73 204 204 266 108 22 22
samples/negative_unlabelled/n13873917_6274.jpg 2 201 112 11 10 75 9 266 269
samples/negative_unlabelled/n13873917_6439.jpg 12 120 60 47 47 139 195 34 32 255 159 38 38 30 69 44 44 215 48 50 50 99 167 31 38 132 135 37 40 84 103 38 43 174 163 38 38 80 245 33 20 162 5 55 57 168 97 49 41
samples/negative_unlabelled/n13873917_6653.jpg 3 211 357 50 50 198 345 74 74 174 321 123 123
samples/negative_unlabelled/n13873917_6825.jpg 8 364 283 24 19 169 286 23 21 389 280 6 6 176 201 19 14 230 201 19 14 271 51 12 12 157 287 10 10 372 197 9 9
samples/negative_unlabelled/n13873917_7757.jpg 3 425 290 7 7 306 74 10 10 368 78 15 13
samples/negative_unlabelled/n13873917_7974.jpg 1 92 35 262 262
samples/negative_unlabelled/n13873917_8247.jpg 3 297 254 21 28 151 169 22 28 193 99 146 115
samples/negative_unlabelled/n13873917_8393.jpg 1 167 242 6 6
samples/negative_unlabelled/n13873917_8819.jpg 3 199 169 29 31 17 102 9 12 332 142 20 12
samples/negative_unlabelled/n13873917_9419.jpg 1 141 218 57 58
samples/negative_unlabelled/n13874073_10318.jpg 5 1 145 5 5 22 26 14 14 39 3 12 12 266 33 12 12 238 31 10 10
samples/negative_unlabelled/n13874073_12705.jpg 8 36 25 111 109 192 23 112 112 35 337 113 109 36 182 112 109 191 335 112 112 191 182 113 109 348 23 110 113 347 180 111 111
samples/negative_unlabelled/n13874073_13306.jpg 1 281 67 23 23
samples/negative_unlabelled/n13874073_16276.jpg 2 299 75 9 9 302 136 15 15
samples/negative_unlabelled/n13874073_17578.jpg 2 410 404 37 43 63 61 15 19
samples/negative_unlabelled/n13874073_19370.jpg 2 227 104 18 18 254 98 8 8
samples/negative_unlabelled/n13874073_20393.jpg 6 127 25 7 7 87 19 13 12 125 22 12 12 85 16 18 18 247 295 9 9 383 245 9 9
samples/negative_unlabelled/n13874073_3086.jpg 14 322 369 17 17 325 371 12 12 667 209 15 15 308 344 17 17 474 99 15 15 244 393 17 17 310 347 13 11 434 101 6 6 246 396 13 11 734 80 5 5 758 114 6 6 725 132 9 11 268 181 17 17 790 209 11 13
samples/negative_unlabelled/n13874073_3455.jpg 3 231 155 14 14 283 153 14 14 285 155 10 10
samples/negative_unlabelled/n13874073_5288.jpg 1 52 572 7 9
samples/negative_unlabelled/n13874073_6167.jpg 3 300 95 15 15 325 89 6 6 311 362 7 8
samples/negative_unlabelled/n13874073_7174.jpg 17 77 237 31 24 97 156 28 28 42 215 16 30 191 167 32 31 210 248 31 31 169 306 25 31 207 307 27 28 157 165 30 31 245 306 27 28 99 296 20 31 262 166 28 30 227 168 31 31 310 232 23 29 173 247 31 31 306 296 27 20 312 157 30 19 59 225 19 30
samples/negative_unlabelled/n13874073_9009.jpg 1 90 303 17 20
samples/negative_unlabelled/n13874073_9998.jpg 6 113 233 16 19 142 233 17 18 118 237 7 10 147 237 7 10 70 157 11 11 419 198 8 10
samples/negative_unlabelled/n13875392_11143.jpg 1 78 163 101 86
samples/negative_unlabelled/n13875392_13635.jpg 1 222 377 22 30
samples/negative_unlabelled/n13875392_14668.jpg 1 10 93 65 45
samples/negative_unlabelled/n13875392_15257.jpg 2 257 221 11 9 173 213 10 10
samples/negative_unlabelled/n13875392_1652.jpg 1 77 152 99 99
samples/negative_unlabelled/n13875392_18566.jpg 1 83 187 8 8
samples/negative_unlabelled/n13875392_19029.jpg 1 380 537 19 19
samples/negative_unlabelled/n13875392_19401.jpg 1 24 140 24 29
samples/negative_unlabelled/n13875392_20228.jpg 1 351 559 5 5
samples/negative_unlabelled/n13875392_20667.jpg 1 356 173 45 55
samples/negative_unlabelled/n13875392_21873.jpg 1 39 29 102 102
samples/negative_unlabelled/n13875392_22850.jpg 2 146 332 24 27 365 102 7 10
samples/negative_unlabelled/n13875392_25752.jpg 3 216 199 23 25 246 236 10 13 218 243 10 10
samples/negative_unlabelled/n13875392_2697.jpg 2 426 657 9 9 190 520 16 16
samples/negative_unlabelled/n13875392_27161.jpg 5 177 167 20 19 321 168 19 19 327 147 9 9 333 160 7 7 355 148 9 9
samples/negative_unlabelled/n13875392_2919.jpg 3 222 297 16 13 181 244 18 16 208 157 23 20
samples/negative_unlabelled/n13875392_30213.jpg 1 445 244 7 7
samples/negative_unlabelled/n13875392_31980.jpg 2 201 124 80 82 232 148 11 11
samples/negative_unlabelled/n13875392_32663.jpg 1 212 160 58 58
samples/negative_unlabelled/n13875392_33965.jpg 1 201 333 11 11
samples/negative_unlabelled/n13875392_34604.jpg 3 350 180 12 8 154 114 20 27 207 239 20 22
samples/negative_unlabelled/n13875392_34876.jpg 14 480 36 12 15 202 171 11 11 410 82 11 9 171 185 12 10 229 137 11 11 220 184 9 12 98 120 14 12 332 157 12 12 92 104 14 12 253 73 10 10 392 1 9 9 261 239 12 12 230 249 7 7 250 21 12 7
samples/negative_unlabelled/n13875392_35508.jpg 1 187 127 137 137
samples/negative_unlabelled/n13875392_3817.jpg 4 204 319 14 14 144 306 16 13 123 385 13 16 205 364 13 15
samples/negative_unlabelled/n13875392_38678.jpg 1 242 250 6 6
samples/negative_unlabelled/n13875392_38945.jpg 1 215 263 140 139
samples/negative_unlabelled/n02675077_1140.jpg 3 59 58 50 50 3 3 161 160 52 52 63 63
samples/negative_unlabelled/n02675077_130.jpg 3 91 93 17 17 87 74 6 6 123 73 6 6
samples/negative_unlabelled/n02675077_1524.jpg 1 32 66 34 34
samples/negative_unlabelled/n02675077_1617.jpg 7 247 150 30 26 333 203 48 38 367 156 9 10 256 230 10 10 231 244 7 8 247 209 10 10 328 306 8 8
samples/negative_unlabelled/n02675077_1745.jpg 7 330 66 14 14 190 187 48 48 246 53 14 12 216 20 14 14 187 113 6 6 182 160 12 12 227 113 8 8
samples/negative_unlabelled/n02675077_1859.jpg 4 234 137 26 30 286 204 11 10 242 31 15 15 238 221 11 11
samples/negative_unlabelled/n02675077_1943.jpg 3 142 55 18 14 280 290 12 10 181 1 9 9
samples/negative_unlabelled/n02675077_21.jpg 2 41 41 34 34 51 52 13 13
samples/negative_unlabelled/n02675077_2376.jpg 1 14 27 19 22
samples/negative_unlabelled/n02675077_2491.jpg 3 185 185 8 8 256 191 9 9 175 175 26 26
samples/negative_unlabelled/n02675077_2656.jpg 8 132 62 11 11 1 2 316 316 148 11 16 16 273 81 16 16 276 84 10 10 28 81 16 16 66 162 10 10 198 162 9 9
samples/negative_unlabelled/n02675077_2795.jpg 2 122 117 19 21 40 120 23 23
samples/negative_unlabelled/n02675077_2972.jpg 6 667 111 62 62 66 565 12 12 198 502 16 16 566 179 17 17 438 583 7 7 549 556 12 12
samples/negative_unlabelled/n02675077_3091.jpg 2 100 94 90 93 128 122 34 33
samples/negative_unlabelled/n02675077_3255.jpg 6 243 231 19 11 195 189 137 155 40 112 7 7 301 245 13 12 21 408 8 8 228 272 6 14
samples/negative_unlabelled/n02675077_337.jpg 2 7 8 450 449 265 165 11 11
samples/negative_unlabelled/n02675077_3562.jpg 3 17 20 357 357 220 192 19 22 266 203 6 8
samples/negative_unlabelled/n02675077_3706.jpg 2 447 168 9 9 163 194 28 25
samples/negative_unlabelled/n02675077_3845.jpg 2 427 226 20 19 378 143 13 5
samples/negative_unlabelled/n02675077_413.jpg 3 58 30 8 8 77 77 24 24 80 80 19 19
samples/negative_unlabelled/n02675077_424.jpg 6 25 33 309 309 129 135 102 103 249 191 10 9 168 175 26 26 176 183 8 8 174 181 14 14
samples/negative_unlabelled/n02675077_4366.jpg 3 13 5 225 225 153 105 8 8 79 100 8 8
samples/negative_unlabelled/n02675077_4518.jpg 2 85 80 122 122 163 309 19 19
samples/negative_unlabelled/n02675077_4726.jpg 1 237 159 7 7
samples/negative_unlabelled/n02675077_553.jpg 1 30 31 26 26
samples/negative_unlabelled/n02675077_678.jpg 2 289 161 16 23 283 236 10 12
samples/negative_unlabelled/n02890188_1084.jpg 1 298 159 33 43
samples/negative_unlabelled/n02890188_1139.jpg 6 264 20 7 7 104 103 8 7 101 92 8 8 395 213 6 6 244 23 8 8 252 16 8 8
samples/negative_unlabelled/n02675077_1140.jpg 3 59 58 50 50 3 3 161 160 52 52 63 63
samples/negative_unlabelled/n02675077_130.jpg 3 91 93 17 17 87 74 6 6 123 73 6 6
samples/negative_unlabelled/n02675077_1524.jpg 1 32 66 34 34
samples/negative_unlabelled/n11692792_474.jpg 1 487 19 9 9
samples/negative_unlabelled/n11692792_481.jpg 4 395 108 17 17 483 57 14 14 384 74 17 17 448 45 18 18
samples/negative_unlabelled/n11692792_4978.jpg 8 300 24 21 21 240 356 10 14 197 358 14 9 269 355 20 17 272 358 14 10 177 356 10 14 466 33 14 10 145 251 24 24
samples/negative_unlabelled/n11692792_5480.jpg 3 190 454 9 9 256 94 23 21 111 84 15 16
samples/negative_unlabelled/n11692792_5638.jpg 1 63 48 8 8
samples/negative_unlabelled/n11692792_5800.jpg 1 88 60 10 10
samples/negative_unlabelled/n11692792_5987.jpg 7 231 379 11 9 661 407 9 9 115 416 12 11 152 403 9 9 158 67 9 13 63 281 8 8 99 246 8 8
samples/negative_unlabelled/n11692792_6229.jpg 2 375 134 14 14 337 89 15 15
samples/negative_unlabelled/n11692792_6304.jpg 3 59 590 8 8 164 546 13 14 74 528 12 12
samples/negative_unlabelled/n11692792_6610.jpg 1 57 417 7 7
samples/negative_unlabelled/n11692792_7024.jpg 1 239 195 17 17
samples/negative_unlabelled/n11692792_7244.jpg 1 39 70 23 23
samples/negative_unlabelled/n11692792_7814.jpg 1 132 168 12 12
samples/negative_unlabelled/n11692792_8096.jpg 10 408 20 15 15 422 131 9 9 437 129 9 9 355 125 8 8 408 128 9 9 349 111 9 9 342 127 8 8 330 123 8 8 212 255 8 8 212 223 9 8
samples/negative_unlabelled/n13007034_10358.jpg 2 238 289 16 24 257 334 16 14
samples/negative_unlabelled/n13007034_10461.jpg 1 45 45 12 10
samples/negative_unlabelled/n13873502_16693.jpg 1 200 56 104 108
samples/negative_unlabelled/n13873502_21460.jpg 4 235 89 38 40 388 243 39 39 159 291 28 30 323 284 32 32
samples/negative_unlabelled/n13873502_21825.jpg 4 83 207 210 210 226 134 9 9 116 97 8 10 236 378 10 9
samples/negative_unlabelled/n13873502_21988.jpg 1 317 198 17 17
samples/negative_unlabelled/n13873502_23600.jpg 2 61 57 377 376 50 44 396 397
samples/negative_unlabelled/n13873502_23896.jpg 2 82 76 183 183 40 33 271 271
samples/negative_unlabelled/n13873502_24564.jpg 1 239 396 95 95
samples/negative_unlabelled/n13873502_24865.jpg 2 42 41 215 215 26 25 250 250
samples/negative_unlabelled/n13873502_4011.jpg 13 351 7 98 100 142 102 106 107 244 7 99 99 357 111 94 94 370 28 58 58 58 11 91 90 182 140 27 27 83 146 29 29 277 39 33 33 54 118 87 88 170 26 50 49 253 113 96 96 378 134 49 49
samples/negative_unlabelled/n13873502_4094.jpg 4 171 187 19 19 33 455 7 7 127 217 86 87 10 444 8 8
samples/negative_unlabelled/n13873502_4270.jpg 2 226 149 36 25 173 27 10 10
samples/negative_unlabelled/n13873502_4427.jpg 7 286 232 22 28 156 137 23 19 239 283 16 13 227 271 12 12 225 48 11 11 297 201 21 17 307 181 23 19
samples/negative_unlabelled/n13873502_4575.jpg 7 120 72 9 9 421 273 11 11 105 109 10 10 109 25 11 11 66 108 11 11 65 287 7 12 26 182 9 9
samples/negative_unlabelled/n13873502_4743.jpg 3 61 6 364 367 62 11 361 358 86 34 313 309
samples/negative_unlabelled/n13873502_4941.jpg 1 236 67 68 118
samples/negative_unlabelled/n13873502_7882.jpg 2 290 114 55 55 272 81 104 113
samples/negative_unlabelled/n13873502_7951.jpg 1 12 369 7 7
samples/negative_unlabelled/n13873502_8052.jpg 1 19 21 256 256
samples/negative_unlabelled/n13873502_8220.jpg 9 97 259 42 51 155 288 55 48 155 233 42 42 147 140 31 21 156 190 29 42 108 150 28 30 148 165 34 26 103 213 34 43 107 177 27 38
samples/negative_unlabelled/n13873502_8503.jpg 6 1 89 11 11 1 350 13 13 77 191 9 9 28 380 10 10 351 265 8 8 355 226 8 8
samples/negative_unlabelled/n13873502_8804.jpg 1 176 131 142 143
samples/negative_unlabelled/n13873502_896.jpg 1 331 328 4 4
samples/negative_unlabelled/n13873502_9153.jpg 1 48 123 284 289
samples/negative_unlabelled/n13873502_93.jpg 13 293 111 65 65 215 109 70 70 254 188 99 99 145 191 94 94 43 194 88 88 177 49 47 47 79 55 35 35 129 106 76 76 38 58 30 30 37 102 82 82 125 52 41 41 235 47 53 53 299 43 59 59
samples/negative_unlabelled/n13873502_9667.jpg 1 1215 853 10 10
samples/negative_unlabelled/n13873502_9793.jpg 12 196 143 85 85 86 35 302 300 103 52 268 267 119 67 237 237 92 41 290 289 136 85 203 200 125 73 224 224 109 57 257 256 152 99 172 172 141 89 192 192 157 105 161 161 68 18 336 334
samples/negative_unlabelled/n13873917_10181.jpg 26 202 41 8 8 218 32 8 8 240 88 8 8 215 57 7 7 142 52 8 8 247 35 7 7 244 61 8 7 199 170 8 8 247 162 8 8 230 48 8 8 230 173 8 8 234 23 7 7 62 33 7 7 250 133 8 8 44 189 8 8 79 24 7 7 16 180 7 9 5 162 8 9 1 191 8 8 28 51 7 7 53 18 8 8 33 170 8 9 3 7 7 7 43 3 7 7 20 151 8 8 27 12 7 7
samples/negative_unlabelled/n13873917_10736.jpg 19 95 167 9 9 265 2 9 9 2 119 8 8 57 51 7 7 42 100 8 7 407 25 9 12 333 30 9 11 59 171 14 14 387 69 13 13 410 42 6 6 21 213 19 21 64 285 7 7 379 168 7 7 287 299 7 7 423 133 7 7 73 19 7 7 37 292 8 10 457 305 9 9 55 225 6 6
samples/negative_unlabelled/n13873917_110.jpg 16 408 106 18 18 368 131 10 11 249 150 24 24 397 86 13 13 168 156 15 15 256 156 11 11 158 104 21 21 241 55 19 19 286 230 51 51 166 112 6 6 199 136 11 11 55 40 11 11 412 79 7 7 245 60 11 11 94 17 10 10 48 32 26 26
samples/negative_unlabelled/n13873917_11977.jpg 3 18 93 68 68 196 50 55 56 24 100 58 58
samples/negative_unlabelled/n13873917_12204.jpg 13 345 435 23 24 409 387 24 23 306 304 24 24 282 384 23 23 385 305 24 24 347 439 17 16 1 19 712 712 285 387 16 17 392 311 11 11 412 389 17 17 388 308 17 17 309 307 17 18 313 310 10 12
samples/negative_unlabelled/n13873917_27.jpg 15 67 380 51 51 421 78 7 7 429 71 7 7 382 99 7 7 401 99 7 7 411 104 7 7 382 87 8 8 392 94 7 7 429 82 8 8 401 55 7 7 411 50 7 7 363 78 7 7 391 50 7 7 214 215 69 69 69 68 14 14
samples/negative_unlabelled/n13873917_27502.jpg 4 568 41 9 9 243 218 19 16 224 230 159 151 604 41 9 9
samples/negative_unlabelled/n13873917_27696.jpg 1 54 108 281 280
samples/negative_unlabelled/n13873917_288.jpg 3 181 243 11 9 255 317 7 11 229 232 48 48
samples/negative_unlabelled/n13873917_3130.jpg 16 430 143 7 7 453 209 7 5 409 123 7 7 437 126 7 7 438 215 6 6 393 112 7 7 438 189 6 6 447 228 6 5 423 124 7 7 253 132 7 7 236 158 6 6 248 152 6 6 233 179 6 6 247 172 6 6 260 148 6 6 251 198 6 6
samples/negative_unlabelled/n13873917_4888.jpg 1 468 245 5 5
samples/negative_unlabelled/n13873917_5268.jpg 2 124 136 106 137 78 67 85 118
samples/negative_unlabelled/n13873917_5626.jpg 2 478 124 5 5 352 262 16 16
samples/negative_unlabelled/n13873917_5810.jpg 3 221 353 7 6 176 389 9 9 199 370 7 7
samples/negative_unlabelled/n13873917_606.jpg 1 284 68 5 5
samples/negative_unlabelled/n13873917_6171.jpg 2 119 59 240 240 122 62 234 234
samples/negative_unlabelled/n13873917_6461.jpg 1 143 228 8 8
samples/negative_unlabelled/n13873917_6530.jpg 2 106 242 17 11 187 235 37 35
samples/negative_unlabelled/n13873917_7163.jpg 1 85 232 250 254
samples/negative_unlabelled/n13873917_7472.jpg 3 173 92 398 418 180 124 387 355 742 232 8 8
samples/negative_unlabelled/n13873917_8018.jpg 9 468 517 18 15 311 497 8 8 260 282 7 7 328 238 7 7 299 311 7 7 340 285 7 7 265 293 25 25 293 219 26 26 138 196 10 10
samples/negative_unlabelled/n13874073_15970.jpg 1 280 222 7 7
samples/negative_unlabelled/n13874073_18366.jpg 5 292 289 9 9 368 870 25 15 1028 429 10 8 231 696 6 6 203 558 8 11
samples/negative_unlabelled/n13874073_6653.jpg 1 51 317 10 13
samples/negative_unlabelled/n13874073_8218.jpg 4 174 61 22 22 179 66 13 13 199 62 6 6 16 49 7 7
samples/negative_unlabelled/n13874073_8838.jpg 4 784 23 20 20 787 27 13 13 61 77 20 20 64 80 12 12
samples/negative_unlabelled/n13874073_9158.jpg 1 370 537 8 11
samples/negative_unlabelled/n13875392_16135.jpg 1 175 30 14 30
samples/negative_unlabelled/n13875392_18288.jpg 3 99 87 12 13 101 89 8 8 176 89 7 9
samples/negative_unlabelled/n13875392_18666.jpg 27 301 152 12 10 260 200 8 14 439 277 17 7 272 191 8 13 334 119 10 12 156 109 9 13 125 118 12 11 135 158 11 9 143 114 14 8 285 112 11 10 311 114 8 13 176 107 13 9 216 145 10 12 288 151 13 9 237 105 11 11 321 118 12 10 224 105 11 11 240 146 13 10 266 147 10 12 170 149 8 13 157 152 11 11 108 168 9 9 54 254 6 10 100 173 7 11 107 126 15 7 481 297 14 12 288 57 10 10
samples/negative_unlabelled/n13875392_19755.jpg 1 339 109 8 9
samples/negative_unlabelled/n13875392_20141.jpg 2 153 129 20 20 188 16 32 32
samples/negative_unlabelled/n13875392_20807.jpg 1 165 93 14 8
samples/negative_unlabelled/n13902336_6612.jpg 7 235 157 45 45 127 48 262 262 239 160 37 37 242 164 31 29 271 199 9 9 253 145 9 9 224 166 9 9
samples/negative_unlabelled/n13902336_7113.jpg 1 217 144 45 45
samples/negative_unlabelled/n13902336_7295.jpg 1 248 175 22 22
samples/negative_unlabelled/n13902336_7389.jpg 5 89 186 7 6 104 118 6 6 92 128 7 7 109 138 6 6 87 156 6 6
samples/negative_unlabelled/n13902336_7496.jpg 5 271 210 12 13 232 219 12 12 231 179 32 34 273 169 13 13 298 48 8 8
samples/negative_unlabelled/n13902336_7811.jpg 1 460 314 6 8
samples/negative_unlabelled/n13902336_8017.jpg 4 393 208 58 57 78 215 59 59 474 89 12 5 36 26 9 10
samples/negative_unlabelled/n13902336_829.jpg 1 166 178 4 4
samples/negative_unlabelled/n13902336_8904.jpg 5 307 148 7 7 379 117 13 13 349 88 13 13 308 83 12 12 222 45 224 224
samples/negative_unlabelled/n13902336_9101.jpg 2 240 211 77 60 257 205 41 71
samples/negative_unlabelled/n13902336_9405.jpg 2 62 151 29 17 104 98 25 22
samples/negative_unlabelled/n13902336_9518.jpg 3 89 70 328 255 246 187 29 32 246 127 12 11
samples/negative_unlabelled/n13902336_9813.jpg 2 48 -17 364 375 282 22 10 25
