samples/negative_unlabelled/n02675077_1022.jpg 9 228 358 8 9 182 348 10 10 201 346 10 10 192 347 10 10 270 354 10 8 176 39 83 86 164 158 126 126 255 109 10 10 185 179 84 84
samples/negative_unlabelled/n02675077_1023.jpg 2 300 249 26 17 111 271 9 9
samples/negative_unlabelled/n02675077_1037.jpg 36 789 208 17 23 518 402 14 12 794 215 8 8 868 401 35 33 580 1157 43 43 518 415 15 14 807 1345 9 7 763 1344 8 8 619 238 13 15 619 457 11 13 830 1364 8 7 815 1384 8 6 869 1344 9 9 885 1344 8 9 796 1360 16 16 476 399 35 33 642 1339 18 16 780 1379 17 17 874 406 24 22 482 404 24 23 591 1168 22 21 333 336 40 42 971 340 41 41 979 350 25 22 870 1384 8 8 923 204 7 7 342 344 21 25 664 445 7 6 957 470 6 6 676 248 5 5 1154 873 25 15 1311 756 9 12 1282 758 16 20 382 856 25 23 1199 767 13 7 355 862 13 11
samples/negative_unlabelled/n02675077_1069.jpg 7 131 128 236 234 139 228 75 75 293 219 20 20 295 223 16 12 270 363 6 6 142 231 71 71 243 233 23 23
samples/negative_unlabelled/n02675077_1074.jpg 2 23 22 28 28 2 1 70 70
samples/negative_unlabelled/n02675077_1130.jpg 4 123 107 258 258 293 132 13 15 295 136 8 8 309 144 8 8
samples/negative_unlabelled/n02675077_1069.jpg 7 131 128 236 234 139 228 75 75 293 219 20 20 295 223 16 12 270 363 6 6 142 231 71 71 243 233 23 23
samples/negative_unlabelled/n02675077_1229.jpg 1 602 249 129 126
samples/negative_unlabelled/n02675077_1445.jpg 11 212 177 29 31 89 247 13 13 148 334 7 7 92 250 8 8 153 273 14 14 227 249 8 8 264 261 8 8 156 276 8 8 287 60 7 7 261 258 14 14 166 346 8 9
samples/negative_unlabelled/n02675077_1817.jpg 9 135 94 131 131 353 175 24 24 378 212 19 19 321 141 19 19 73 167 9 9 408 72 11 13 209 360 13 14 259 235 38 38 218 61 9 13
samples/negative_unlabelled/n02675077_1923.jpg 2 251 149 31 29 283 242 9 10
samples/negative_unlabelled/n02675077_2036.jpg 3 187 173 29 29 314 114 25 28 111 303 14 13
samples/negative_unlabelled/n02675077_2304.jpg 2 4 12 213 211 103 109 16 16
samples/negative_unlabelled/n02675077_2462.jpg 3 40 41 33 33 35 36 43 43 -1 1 114 114
samples/negative_unlabelled/n02675077_2592.jpg 1 -1 131 15 12
samples/negative_unlabelled/n02675077_2749.jpg 2 279 300 7 7 337 212 11 11
samples/negative_unlabelled/n02675077_2928.jpg 1 134 106 82 82
samples/negative_unlabelled/n02675077_3025.jpg 4 241 198 74 43 254 139 12 6 46 58 11 11 136 89 11 11
samples/negative_unlabelled/n02675077_3137.jpg 3 413 392 8 8 336 326 32 32 391 391 9 9
samples/negative_unlabelled/n02675077_3498.jpg 2 74 55 14 14 123 62 10 10
samples/negative_unlabelled/n02675077_3628.jpg 3 121 119 24 24 168 75 10 10 165 73 15 15
samples/negative_unlabelled/n02675077_3736.jpg 5 1 11 509 509 241 255 24 20 242 458 7 7 327 389 14 14 153 390 14 14
samples/negative_unlabelled/n02675077_4440.jpg 4 5 7 363 363 287 206 8 11 185 262 8 8 214 142 8 7
samples/negative_unlabelled/n02675077_4672.jpg 22 384 365 7 7 343 256 7 7 390 247 8 8 159 20 8 7 284 179 8 8 340 317 7 7 35 149 9 9 93 84 9 9 394 59 7 7 229 102 8 8 97 303 8 8 382 300 19 19 96 9 8 8 444 123 7 7 344 191 7 7 227 33 8 8 93 158 9 9 157 92 8 8 38 297 8 8 390 119 14 14 36 224 9 9 183 208 12 14
samples/negative_unlabelled/n02675077_522.jpg 1 14 17 16 16
samples/negative_unlabelled/n02675077_650.jpg 1 87 87 23 23
samples/negative_unlabelled/n02675077_87.jpg 1 124 162 9 7
samples/negative_unlabelled/n02890188_1059.jpg 10 320 306 10 10 322 209 9 9 244 301 10 10 205 361 10 10 208 320 10 10 233 466 7 7 254 222 7 7 276 366 10 10 146 275 7 7 135 395 7 7
samples/negative_unlabelled/n02890188_1162.jpg 1 211 64 32 37
samples/negative_unlabelled/n02890188_1269.jpg 1 459 12 8 8
samples/negative_unlabelled/n02890188_1308.jpg 3 225 202 17 17 133 69 241 241 251 155 16 16
samples/negative_unlabelled/n02890188_139.jpg 6 270 19 51 51 91 92 12 20 37 108 6 6 273 24 43 43 71 200 7 7 49 201 7 8
samples/negative_unlabelled/n02890188_1461.jpg 8 389 357 8 8 403 335 7 7 377 359 9 9 411 245 10 8 422 233 9 10 240 138 12 12 248 152 12 12 116 188 13 11
samples/negative_unlabelled/n02890188_1551.jpg 30 38 157 5 5 172 66 5 5 159 156 66 63 37 143 6 6 232 38 5 5 163 54 23 21 95 116 5 5 285 255 6 6 44 184 5 5 338 169 5 5 38 128 5 5 204 144 7 7 164 152 7 7 347 124 6 6 339 141 6 6 280 249 24 24 97 330 6 6 207 344 6 6 179 339 6 6 248 332 6 6 172 223 8 8 66 283 5 5 355 246 6 6 259 321 6 6 79 308 5 5 336 114 6 6 293 39 5 5 355 229 6 6 325 104 5 5 340 96 5 5
samples/negative_unlabelled/n02890188_1647.jpg 1 415 277 6 6
samples/negative_unlabelled/n02890188_1744.jpg 4 382 302 20 20 354 490 14 14 641 290 9 11 416 155 12 13
samples/negative_unlabelled/n02890188_1794.jpg 1 303 80 11 9
samples/negative_unlabelled/n02890188_1877.jpg 105 93 69 7 7 58 148 7 7 114 59 7 7 204 72 7 7 64 109 7 7 90 163 7 7 184 61 7 7 67 183 8 8 204 60 7 7 193 60 7 7 120 53 7 7 153 60 7 7 50 112 7 7 74 199 7 7 170 52 7 7 58 179 7 7 64 134 7 7 89 85 7 7 118 105 11 11 240 126 7 7 199 95 7 7 240 95 7 7 194 72 7 7 67 116 7 7 114 184 7 7 214 73 7 7 216 98 7 7 233 120 7 7 52 142 7 7 154 203 8 8 180 50 7 7 79 66 7 7 165 102 11 11 58 128 7 7 209 148 7 7 147 169 12 11 190 199 8 7 235 140 7 7 174 64 7 7 225 115 7 7 114 197 7 7 125 67 6 7 65 168 7 7 194 174 7 7 130 60 7 7 105 74 7 7 145 64 7 7 185 73 7 7 191 95 6 7 106 146 12 11 48 175 7 7 247 133 7 7 194 182 7 7 109 66 7 7 203 84 7 7 227 152 7 7 87 187 7 7 145 79 7 7 185 85 7 7 90 77 7 7 75 83 7 7 207 186 7 7 160 197 7 7 154 46 7 7 151 74 7 7 89 100 7 7 200 213 8 8 77 185 8 8 95 200 8 8 114 87 7 7 63 196 8 8 203 204 8 8 233 106 7 7 147 209 7 7 137 55 7 7 217 111 7 7 207 178 7 7 102 54 7 7 184 140 12 12 163 213 8 8 214 155 7 7 217 162 7 7 116 210 8 8 178 191 8 8 139 214 8 8 156 220 8 8 220 170 7 7 92 175 7 7 192 190 7 7 103 81 7 7 84 200 8 8 104 199 7 7 125 207 7 7 222 128 7 7 245 156 7 7 133 202 7 7 129 81 7 7 181 215 8 8 174 199 7 7 175 223 7 7 148 226 8 8 169 206 7 7 253 141 7 7 122 194 7 7 234 169 7 7
samples/negative_unlabelled/n02890188_1975.jpg 1 151 269 7 7
samples/negative_unlabelled/n02890188_2060.jpg 13 149 118 10 10 158 95 10 10 153 67 197 197 168 72 10 10 237 269 10 10 376 154 10 10 262 266 10 10 187 276 10 10 212 273 10 10 361 135 10 10 213 132 72 72 346 115 10 10 331 96 10 10
samples/negative_unlabelled/n02890188_2101.jpg 1 125 117 5 5
samples/negative_unlabelled/n02890188_2195.jpg 9 309 148 40 40 394 196 28 28 311 261 13 14 169 61 10 14 247 306 13 11 148 269 12 11 141 69 14 10 133 96 10 13 200 142 19 19
samples/negative_unlabelled/n02890188_2252.jpg 2 218 112 16 14 247 344 7 7
samples/negative_unlabelled/n02890188_2356.jpg 4 213 187 28 30 279 100 26 26 344 275 19 19 230 246 34 33
samples/negative_unlabelled/n02890188_2384.jpg 2 425 131 7 7 431 146 6 6
samples/negative_unlabelled/n02890188_2463.jpg 2 2 281 6 6 314 249 4 9
samples/negative_unlabelled/n02890188_2497.jpg 1 273 215 6 6
samples/negative_unlabelled/n02890188_2526.jpg 3 410 86 14 19 464 66 20 13 481 10 11 21
samples/negative_unlabelled/n02890188_2595.jpg 72 471 121 13 13 513 189 12 12 417 42 13 13 257 24 13 13 382 41 13 13 494 165 12 12 312 17 13 13 505 212 12 13 467 98 13 12 397 59 13 13 231 48 13 13 517 241 13 13 503 261 13 13 280 33 13 13 331 30 13 13 351 44 13 13 366 23 13 13 210 72 13 13 496 140 12 12 302 41 13 13 485 339 14 14 472 191 7 9 426 384 14 14 255 50 13 13 507 292 14 14 173 103 13 13 475 375 14 14 463 75 13 12 450 380 14 14 526 276 13 13 507 329 13 13 530 221 13 13 458 242 17 29 186 75 13 13 206 46 13 13 145 144 14 14 431 411 14 14 407 409 14 14 375 235 22 13 305 388 9 9 117 266 14 14 129 191 14 14 521 167 13 12 273 188 94 95 282 168 23 15 338 289 22 13 273 280 20 19 162 80 13 13 372 201 14 14 367 266 14 14 151 113 13 14 136 292 14 14 319 164 14 14 261 191 15 15 308 293 15 15 114 211 14 14 254 255 15 15 134 317 14 13 131 342 14 14 126 160 14 14 129 124 13 14 107 175 14 14 250 420 14 14 356 427 13 14 108 290 14 14 380 435 14 14 267 439 14 14 324 445 14 14 234 401 14 13 158 336 14 14 213 419 15 13 100 231 14 14
samples/negative_unlabelled/n02890188_2738.jpg 2 704 71 10 9 579 391 10 24
samples/negative_unlabelled/n02890188_2788.jpg 6 138 246 42 42 61 80 23 20 245 220 24 22 232 168 22 24 286 247 24 22 152 206 20 22
samples/negative_unlabelled/n02890188_2849.jpg 1 136 341 9 9
samples/negative_unlabelled/n02890188_2975.jpg 1 54 82 29 29
samples/negative_unlabelled/n02890188_3043.jpg 5 225 184 16 16 116 37 260 258 233 131 16 16 230 151 32 32 228 187 11 11
samples/negative_unlabelled/n02890188_3172.jpg 1 328 234 4 9
samples/negative_unlabelled/n02890188_3222.jpg 1 92 83 13 8
samples/negative_unlabelled/n02890188_3278.jpg 8 379 262 53 49 119 269 14 14 392 310 11 14 453 214 8 6 507 213 8 8 504 210 15 15 419 213 8 7 373 219 5 5
samples/negative_unlabelled/n02890188_3380.jpg 20 124 10 7 6 77 22 6 6 118 164 7 7 190 138 6 6 152 164 6 6 142 160 7 7 109 6 6 6 155 157 5 5 142 5 5 5 194 42 7 7 45 135 7 7 59 143 7 7 195 34 7 6 33 85 6 6 44 54 6 6 42 69 6 6 252 89 5 5 33 102 5 5 430 57 7 7 449 42 8 10
samples/negative_unlabelled/n02890188_3446.jpg 3 156 252 18 18 97 198 129 129 115 393 8 7
samples/negative_unlabelled/n02890188_3507.jpg 6 194 177 13 13 214 126 13 13 284 210 14 14 229 220 14 14 311 335 7 11 297 129 6 15
samples/negative_unlabelled/n02890188_3585.jpg 40 315 368 7 7 306 389 8 6 304 364 7 7 192 385 38 21 305 353 6 7 293 408 7 7 312 378 7 7 308 407 6 8 278 433 6 8 272 424 7 7 222 453 7 8 233 461 8 8 289 426 7 7 159 453 7 8 252 446 7 8 138 459 8 7 110 447 8 8 174 456 8 7 201 466 8 8 153 462 8 8 29 359 8 6 28 370 7 7 169 465 8 8 217 464 8 8 124 454 8 8 35 338 7 7 97 440 8 8 86 432 8 8 68 413 8 8 110 458 8 8 84 445 8 8 47 318 7 7 64 427 8 8 55 309 7 7 73 436 8 8 64 301 7 7 75 294 6 7 10 139 41 20 42 310 8 6 70 286 7 7
samples/negative_unlabelled/n02890188_367.jpg 19 313 304 9 14 57 263 16 16 34 252 17 17 416 173 21 26 47 163 18 18 171 103 7 7 135 127 8 8 72 310 15 15 50 284 16 16 414 84 15 15 284 326 14 9 81 69 20 20 266 320 13 14 129 345 13 14 235 17 20 20 214 34 21 21 166 234 22 22 281 38 12 4 94 260 10 6
samples/negative_unlabelled/n02890188_374.jpg 5 254 63 7 7 122 180 6 6 427 145 16 16 189 76 6 6 404 225 14 14
samples/negative_unlabelled/n02890188_3790.jpg 15 274 176 14 14 292 194 14 14 295 129 5 5 337 160 4 4 337 176 4 4 298 220 14 14 219 240 15 15 225 187 14 14 265 259 14 14 287 245 14 14 213 213 15 15 249 175 12 12 228 319 5 5 137 187 5 5 147 239 5 5
samples/negative_unlabelled/n02890188_3889.jpg 7 484 605 48 49 332 427 38 46 406 335 25 21 524 292 37 42 112 3 818 922 424 360 205 215 937 835 15 12
samples/negative_unlabelled/n02890188_3949.jpg 6 201 233 6 6 227 229 6 6 278 293 5 5 364 155 6 6 335 130 6 6 234 116 13 13
samples/negative_unlabelled/n02890188_4091.jpg 1 149 298 9 11
samples/negative_unlabelled/n02890188_4209.jpg 17 104 94 20 16 229 72 23 23 99 87 30 30 360 114 13 13 316 166 13 13 193 165 19 19 62 42 12 12 184 210 13 12 203 226 12 13 161 221 13 11 147 199 12 13 297 126 20 20 450 161 11 9 428 166 9 11 399 136 17 18 47 20 12 12 78 142 12 12
samples/negative_unlabelled/n02890188_4325.jpg 3 118 184 10 10 27 107 9 9 22 101 18 20
samples/negative_unlabelled/n02890188_4524.jpg 6 163 114 87 87 170 119 75 75 271 157 21 21 207 76 19 20 244 206 21 21 139 195 21 21
samples/negative_unlabelled/n02890188_4652.jpg 21 49 229 7 9 34 325 7 7 68 322 6 8 77 241 9 8 54 328 8 7 0 309 7 6 138 299 7 7 129 311 7 7 155 284 7 7 49 176 12 20 358 236 10 10 89 319 7 7 230 246 7 7 239 265 7 7 250 273 7 7 254 292 7 7 268 274 5 18 286 311 8 8 290 210 18 16 192 226 12 12 354 329 8 8
samples/negative_unlabelled/n02890188_4679.jpg 1 288 162 17 14
samples/negative_unlabelled/n02890188_4735.jpg 19 272 40 8 8 281 155 11 12 113 171 34 34 256 9 8 8 128 221 12 12 103 242 9 9 154 196 33 35 247 211 12 12 189 235 12 12 58 173 8 8 296 189 9 9 52 33 12 12 164 261 8 8 348 136 9 9 319 58 7 7 308 110 9 9 191 14 10 10 180 271 8 8 309 251 7 7
samples/negative_unlabelled/n02890188_4784.jpg 2 47 26 189 192 151 183 6 6
samples/negative_unlabelled/n02890188_4830.jpg 12 200 92 12 13 186 105 13 13 323 262 14 17 174 121 13 12 249 232 15 13 230 81 16 11 248 79 15 14 298 296 15 15 158 178 10 15 158 200 11 15 246 316 18 11 285 182 8 10
samples/negative_unlabelled/n02890188_4906.jpg 1 480 3 12 11
samples/negative_unlabelled/n02890188_4945.jpg 1 156 68 8 5
samples/negative_unlabelled/n02890188_5043.jpg 7 180 191 28 24 380 299 12 9 357 57 8 8 421 100 13 10 355 27 8 8 395 58 8 8 358 154 8 8
samples/negative_unlabelled/n02890188_5150.jpg 2 113 38 9 9 178 65 14 14
samples/negative_unlabelled/n02890188_520.jpg 2 255 164 26 25 276 273 22 24
samples/negative_unlabelled/n02890188_5304.jpg 14 114 33 10 10 126 44 10 10 74 96 45 45 104 58 15 15 31 164 9 9 110 157 14 14 26 146 9 9 79 19 10 10 56 50 9 9 28 114 8 8 41 55 9 9 166 151 9 9 136 165 9 9 113 193 9 9
samples/negative_unlabelled/n02890188_5425.jpg 8 84 172 45 55 73 230 12 10 142 176 11 11 364 230 18 18 105 157 9 11 312 215 17 17 124 222 12 12 301 142 114 119
samples/negative_unlabelled/n02890188_5536.jpg 4 248 189 25 20 277 267 24 20 152 202 132 107 66 292 15 7
samples/negative_unlabelled/n02890188_5706.jpg 3 355 204 8 8 369 181 7 7 337 124 8 8
samples/negative_unlabelled/n02890188_5846.jpg 2 311 147 8 8 249 257 6 6
samples/negative_unlabelled/n02890188_5883.jpg 1 364 204 5 5
samples/negative_unlabelled/n02890188_5931.jpg 2 180 52 16 8 148 311 9 6
samples/negative_unlabelled/n02890188_6116.jpg 6 263 52 62 62 206 185 11 12 53 206 60 60 312 210 61 61 288 179 107 115 36 181 104 102
samples/negative_unlabelled/n02890188_6166.jpg 1 249 193 7 8
samples/negative_unlabelled/n02890188_6219.jpg 4 230 342 45 43 263 390 44 44 296 439 45 45 32 59 66 65
samples/negative_unlabelled/n02890188_6297.jpg 1 253 174 8 8
samples/negative_unlabelled/n02890188_6379.jpg 1 255 188 9 12
samples/negative_unlabelled/n02890188_6411.jpg 11 281 108 9 8 215 225 6 6 420 158 8 10 434 227 8 10 425 171 8 9 267 112 10 10 440 260 8 9 433 213 9 9 436 274 7 9 431 288 8 9 435 299 7 9
samples/negative_unlabelled/n02890188_6488.jpg 2 129 261 56 74 67 160 17 17
samples/negative_unlabelled/n02890188_6684.jpg 2 173 395 6 6 157 346 40 41
samples/negative_unlabelled/n02890188_6967.jpg 10 204 55 11 11 205 235 12 12 284 100 10 11 250 224 11 11 284 192 10 10 127 102 10 10 323 173 5 5 316 131 5 5 314 210 5 5 54 146 11 9
samples/negative_unlabelled/n02890188_7005.jpg 20 199 198 16 17 342 63 8 8 158 101 11 11 171 114 9 9 208 116 8 8 194 119 9 9 142 100 11 11 96 57 10 10 103 73 8 8 116 76 11 11 310 94 11 10 92 42 10 10 138 88 7 7 374 13 9 11 111 50 6 6 239 78 12 11 80 42 6 6 292 106 10 8 65 -2 7 7 74 7 6 6
samples/negative_unlabelled/n02890188_7078.jpg 6 320 341 12 12 370 346 12 12 367 272 10 10 323 267 10 10 299 300 11 11 393 309 10 11
samples/negative_unlabelled/n02890188_7148.jpg 1 218 81 8 6
samples/negative_unlabelled/n02890188_7178.jpg 6 333 172 17 17 316 140 16 17 347 129 17 16 430 39 14 13 307 193 16 16 40 150 8 12
samples/negative_unlabelled/n02890188_7234.jpg 1 202 172 13 16
samples/negative_unlabelled/n02890188_7260.jpg 1 236 235 31 43
samples/negative_unlabelled/n02890188_7290.jpg 1 188 237 53 56
samples/negative_unlabelled/n02890188_7538.jpg 2 24 118 67 78 35 133 50 47
samples/negative_unlabelled/n02890188_7706.jpg 6 140 199 76 67 233 250 7 7 235 229 13 13 183 281 14 14 128 189 11 13 115 253 12 15
samples/negative_unlabelled/n02890188_7798.jpg 1 169 127 102 79
samples/negative_unlabelled/n02890188_7917.jpg 4 751 49 22 22 348 249 92 92 311 245 24 24 557 128 9 13
samples/negative_unlabelled/n02890188_7989.jpg 6 287 248 35 35 303 18 26 27 340 28 17 17 266 72 17 17 271 13 21 21 165 334 16 16
samples/negative_unlabelled/n02890188_8060.jpg 3 201 148 11 16 115 258 7 10 95 314 7 9
samples/negative_unlabelled/n02890188_8343.jpg 1 54 83 12 22
samples/negative_unlabelled/n02890188_857.jpg 1 351 109 32 32
samples/negative_unlabelled/n02890188_8659.jpg 2 223 60 39 64 207 107 14 15
samples/negative_unlabelled/n02890188_8761.jpg 3 108 105 347 347 266 268 25 25 261 262 38 38
samples/negative_unlabelled/n02890188_879.jpg 1 163 137 32 32
samples/negative_unlabelled/n02890188_8896.jpg 8 377 274 13 15 329 225 12 13 170 147 6 7 228 235 8 9 185 303 10 10 183 244 58 63 248 276 9 10 161 261 10 8
samples/negative_unlabelled/n02890188_8983.jpg 4 179 89 71 88 286 199 6 9 38 41 10 11 86 12 8 10
samples/negative_unlabelled/n02890188_9058.jpg 3 307 207 44 52 363 231 9 11 57 218 7 7
samples/negative_unlabelled/n02890188_9096.jpg 4 346 115 8 9 391 211 8 10 354 131 11 9 394 194 9 6
samples/negative_unlabelled/n02890188_9191.jpg 3 169 211 11 11 283 150 11 11 302 168 11 11
samples/negative_unlabelled/n02890188_9243.jpg 1 217 100 95 73
samples/negative_unlabelled/n02890188_945.jpg 15 236 85 62 42 288 76 9 10 215 106 9 13 311 213 9 9 358 172 9 6 287 206 8 8 377 164 6 9 261 196 8 9 257 216 9 9 370 142 6 8 238 202 8 8 359 127 6 8 192 184 9 8 162 173 7 9 203 201 9 9
samples/negative_unlabelled/n02890188_9595.jpg 10 178 208 13 17 90 139 114 112 350 163 44 44 354 217 14 15 356 169 33 33 326 168 14 15 134 178 33 33 402 160 8 8 331 198 9 9 172 34 10 8
samples/negative_unlabelled/n02890188_968.jpg 10 99 341 13 13 175 30 13 14 237 25 14 14 194 16 13 13 215 32 13 13 156 45 13 13 393 58 23 23 130 39 14 14 46 288 13 12 41 247 14 14
samples/negative_unlabelled/n03032811_10247.jpg 1 193 273 8 8
samples/negative_unlabelled/n03032811_11.jpg 2 276 93 16 11 474 267 6 9
samples/negative_unlabelled/n03032811_1193.jpg 6 423 158 9 9 107 87 41 40 160 145 42 40 119 157 12 12 142 184 42 42 67 102 41 41
samples/negative_unlabelled/n03032811_1266.jpg 1 335 289 18 21
samples/negative_unlabelled/n03032811_13026.jpg 1 549 79 8 8
samples/negative_unlabelled/n03032811_1370.jpg 4 255 70 25 25 335 431 27 27 70 253 18 17 159 95 11 11
samples/negative_unlabelled/n03032811_13998.jpg 8 86 79 19 17 319 145 85 95 366 51 21 21 93 256 15 14 96 258 10 10 132 253 11 11 163 249 13 10 229 106 10 10
samples/negative_unlabelled/n03032811_14613.jpg 2 16 246 5 5 113 356 26 18
samples/negative_unlabelled/n03032811_15054.jpg 5 163 296 10 10 186 358 8 8 322 207 7 7 318 401 6 6 408 270 6 6
samples/negative_unlabelled/n03032811_15552.jpg 1 33 285 10 10
samples/negative_unlabelled/n03032811_16217.jpg 1 204 69 52 55
samples/negative_unlabelled/n03032811_17400.jpg 4 182 30 252 283 258 114 98 114 240 93 134 155 193 56 229 231
samples/negative_unlabelled/n03032811_18308.jpg 2 167 182 8 10 78 6 13 13
samples/negative_unlabelled/n03032811_1923.jpg 5 431 5 19 16 462 85 23 12 15 9 20 12 73 75 352 352 379 77 20 20
samples/negative_unlabelled/n03032811_20326.jpg 1 238 278 16 11
samples/negative_unlabelled/n03032811_20934.jpg 1 117 117 141 141
samples/negative_unlabelled/n03032811_21482.jpg 3 106 14 410 410 404 117 6 8 420 359 7 7
samples/negative_unlabelled/n03032811_22419.jpg 5 97 104 13 13 19 87 13 9 32 97 13 12 74 107 13 12 51 104 13 13
samples/negative_unlabelled/n03032811_22792.jpg 2 228 138 8 7 55 92 78 72
samples/negative_unlabelled/n03032811_23242.jpg 3 177 218 10 10 232 286 8 5 127 140 16 16
samples/negative_unlabelled/n03032811_24798.jpg 1 264 185 44 35
samples/negative_unlabelled/n03032811_25689.jpg 2 320 364 7 7 96 97 8 7
samples/negative_unlabelled/n03032811_27278.jpg 2 71 25 27 27 49 226 15 14
samples/negative_unlabelled/n03032811_27962.jpg 2 121 85 13 13 134 216 8 8
samples/negative_unlabelled/n03032811_29919.jpg 1 120 308 7 7
samples/negative_unlabelled/n03032811_30076.jpg 1 232 102 39 31
samples/negative_unlabelled/n03032811_30279.jpg 3 472 140 5 5 63 307 17 16 145 87 5 4
samples/negative_unlabelled/n03032811_30977.jpg 1 133 82 227 227
samples/negative_unlabelled/n03032811_31339.jpg 1 196 110 22 20
samples/negative_unlabelled/n03032811_31711.jpg 12 220 168 45 46 274 330 6 6 134 329 6 6 156 330 6 6 322 330 6 6 246 329 6 6 198 330 6 6 229 330 6 6 289 330 6 6 383 330 6 6 306 330 6 6 237 329 7 7
samples/negative_unlabelled/n03032811_32814.jpg 2 335 240 12 12 321 253 17 16
samples/negative_unlabelled/n03032811_33443.jpg 1 102 191 8 13
samples/negative_unlabelled/n03032811_34837.jpg 1 286 344 6 6
samples/negative_unlabelled/n03032811_35028.jpg 1 140 65 8 5
samples/negative_unlabelled/n03032811_35267.jpg 4 35 201 11 11 150 35 6 6 212 11 8 8 367 94 8 8
samples/negative_unlabelled/n03032811_36449.jpg 32 153 161 9 9 258 107 12 12 283 225 8 8 283 103 8 8 263 259 8 8 283 87 8 8 301 163 8 8 264 71 8 8 313 148 8 8 292 201 8 8 270 187 12 12 224 255 12 11 313 177 8 8 209 291 8 8 282 257 8 8 303 190 8 8 116 284 8 8 262 278 8 8 138 293 7 7 145 149 30 30 148 270 12 12 156 223 15 15 87 225 12 12 192 42 9 9 221 251 19 19 219 193 14 14 187 314 8 8 160 315 7 7 342 188 7 7 48 64 7 7 320 247 7 7 236 317 6 6
samples/negative_unlabelled/n03032811_3905.jpg 1 328 53 6 6
samples/negative_unlabelled/n03032811_4391.jpg 3 231 91 11 11 138 11 9 12 157 12 11 9
samples/negative_unlabelled/n03032811_5186.jpg 2 227 235 31 31 121 388 32 32
samples/negative_unlabelled/n03032811_5905.jpg 5 223 203 8 8 455 129 9 6 15 70 7 11 513 104 8 8 484 79 7 9
samples/negative_unlabelled/n03032811_6085.jpg 2 157 117 28 29 33 2 277 270
samples/negative_unlabelled/n03032811_640.jpg 1 91 84 136 136
samples/negative_unlabelled/n03032811_7528.jpg 1 178 60 271 271
samples/negative_unlabelled/n03032811_8129.jpg 3 38 36 421 421 83 397 20 20 399 393 20 20
samples/negative_unlabelled/n03032811_8330.jpg 1 103 246 188 185
samples/negative_unlabelled/n03032811_9187.jpg 4 796 218 12 12 520 207 16 16 635 240 35 35 484 356 8 8
samples/negative_unlabelled/n03165955_1412.jpg 1 245 59 7 7
samples/negative_unlabelled/n03189311_2968.jpg 3 135 90 126 171 132 74 148 204 140 124 73 102
samples/negative_unlabelled/n03397947_10272.jpg 3 4 265 11 11 255 267 15 19 48 225 10 10
samples/negative_unlabelled/n03397947_10335.jpg 4 256 93 5 5 314 248 6 6 268 94 5 5 287 240 5 5
samples/negative_unlabelled/n03397947_10467.jpg 2 38 43 8 10 78 -1 7 7
samples/negative_unlabelled/n03397947_10519.jpg 1 43 98 5 5
samples/negative_unlabelled/n03397947_10692.jpg 6 164 130 7 8 208 72 6 6 400 213 9 7 396 221 7 9 315 283 7 7 249 282 7 7
samples/negative_unlabelled/n03397947_10977.jpg 2 206 117 100 107 191 120 130 101
samples/negative_unlabelled/n03397947_11016.jpg 1 243 178 8 8
samples/negative_unlabelled/n03397947_11401.jpg 1 100 0 6 7
samples/negative_unlabelled/n03397947_11649.jpg 2 112 114 42 26 478 152 7 7
samples/negative_unlabelled/n03397947_1247.jpg 4 135 47 16 15 151 13 8 8 115 7 10 10 466 124 9 12
samples/negative_unlabelled/n03397947_1287.jpg 1 431 122 8 8
samples/negative_unlabelled/n03397947_1463.jpg 1 439 155 6 6
samples/negative_unlabelled/n03397947_1506.jpg 1 291 311 13 13
samples/negative_unlabelled/n03397947_1539.jpg 3 208 3 5 5 146 179 7 7 308 55 7 7
samples/negative_unlabelled/n03397947_187.jpg 2 114 57 13 13 85 70 12 12
samples/negative_unlabelled/n03397947_1917.jpg 3 221 140 46 51 234 157 19 16 114 478 5 5
samples/negative_unlabelled/n03397947_2083.jpg 1 195 393 13 13
samples/negative_unlabelled/n03397947_227.jpg 1 1 27 11 11
samples/negative_unlabelled/n03397947_2367.jpg 1 263 293 10 12
samples/negative_unlabelled/n03397947_2466.jpg 2 16 206 6 6 372 185 8 8
samples/negative_unlabelled/n03397947_2497.jpg 1 55 346 6 6
samples/negative_unlabelled/n03397947_2974.jpg 2 213 53 138 105 99 38 93 63
samples/negative_unlabelled/n03397947_3423.jpg 1 370 152 11 6
samples/negative_unlabelled/n03397947_3559.jpg 1 135 82 40 40
samples/negative_unlabelled/n03397947_4027.jpg 1 190 203 27 30
samples/negative_unlabelled/n03397947_4092.jpg 1 312 213 6 6
samples/negative_unlabelled/n03397947_4177.jpg 2 395 277 12 12 123 138 8 8
samples/negative_unlabelled/n03397947_4446.jpg 5 61 62 374 374 99 333 11 11 387 267 8 8 160 144 18 8 229 120 26 26
samples/negative_unlabelled/n03397947_5486.jpg 2 20 152 26 15 234 83 7 7
samples/negative_unlabelled/n03397947_5708.jpg 2 199 149 5 5 188 181 7 7
samples/negative_unlabelled/n03397947_6413.jpg 1 74 3 8 8
samples/negative_unlabelled/n03397947_6466.jpg 1 45 2 5 5
samples/negative_unlabelled/n03397947_7035.jpg 1 17 67 21 21
samples/negative_unlabelled/n03397947_7364.jpg 1 347 36 31 31
samples/negative_unlabelled/n03397947_8668.jpg 1 293 246 11 11
samples/negative_unlabelled/n03397947_9304.jpg 3 117 109 269 269 109 101 285 285 164 276 19 19
samples/negative_unlabelled/n03397947_9376.jpg 1 359 316 14 24
samples/negative_unlabelled/n03397947_942.jpg 3 354 63 47 48 330 190 11 12 183 108 10 6
samples/negative_unlabelled/n03397947_9655.jpg 7 244 68 10 10 247 36 7 7 94 37 12 12 5 47 6 6 207 61 6 6 85 30 7 7 181 70 6 6
samples/negative_unlabelled/n03397947_9771.jpg 1 212 72 8 8
samples/negative_unlabelled/n03954393_10109.jpg 2 82 82 108 108 2 2 108 110
samples/negative_unlabelled/n03954393_1201.jpg 1 301 105 25 27
samples/negative_unlabelled/n03954393_14.jpg 3 7 1 527 527 546 0 523 525 960 102 10 10
samples/negative_unlabelled/n03954393_1503.jpg 1 3 1 595 594
samples/negative_unlabelled/n03954393_1786.jpg 2 4 10 239 215 215 72 9 10
samples/negative_unlabelled/n03954393_203.jpg 1 148 249 100 101
samples/negative_unlabelled/n03954393_2370.jpg 3 304 1 297 297 2 1 294 295 298 290 7 7
samples/negative_unlabelled/n03954393_2435.jpg 9 272 39 13 15 18 21 459 459 112 233 14 14 293 171 7 7 231 111 14 14 148 52 20 21 120 263 14 14 152 55 12 15 376 268 11 15
samples/negative_unlabelled/n03954393_2684.jpg 2 2 2 441 441 289 90 13 7
samples/negative_unlabelled/n03954393_3124.jpg 2 4 5 165 165 124 91 6 6
samples/negative_unlabelled/n03954393_3618.jpg 2 289 4 287 287 334 102 18 20
samples/negative_unlabelled/n03954393_3700.jpg 1 421 5 385 385
samples/negative_unlabelled/n03954393_39.jpg 1 5 3 272 272
samples/negative_unlabelled/n03954393_3943.jpg 1 9 0 477 481
samples/negative_unlabelled/n03954393_4057.jpg 1 6 6 286 293
samples/negative_unlabelled/n03954393_4459.jpg 1 8 3 189 185
samples/negative_unlabelled/n03954393_4550.jpg 3 -1 0 251 251 255 0 251 251 259 3 245 245
samples/negative_unlabelled/n03954393_4649.jpg 1 10 4 181 183
samples/negative_unlabelled/n03954393_4752.jpg 6 298 159 7 7 69 97 15 11 148 51 14 14 237 26 8 8 372 171 8 8 30 177 8 8
samples/negative_unlabelled/n03954393_4929.jpg 2 7 8 247 249 281 9 246 245
samples/negative_unlabelled/n03954393_5423.jpg 1 205 142 6 7
samples/negative_unlabelled/n03954393_5593.jpg 1 4 7 471 469
samples/negative_unlabelled/n03954393_5961.jpg 1 283 127 10 7
samples/negative_unlabelled/n03954393_605.jpg 4 314 9 275 275 22 5 275 275 366 292 9 9 441 289 11 11
samples/negative_unlabelled/n03954393_616.jpg 1 1 1 183 183
samples/negative_unlabelled/n03954393_6564.jpg 1 21 3 108 103
samples/negative_unlabelled/n03954393_6622.jpg 15 257 1 249 249 260 255 243 243 358 400 11 8 2 250 248 248 12 258 229 234 395 399 9 10 405 398 8 11 266 9 233 233 2 3 247 244 10 9 234 234 381 328 23 18 443 201 5 5 298 181 8 8 43 181 9 9 82 214 11 8
samples/negative_unlabelled/n03954393_6753.jpg 2 2 2 248 248 262 4 245 245
samples/negative_unlabelled/n03954393_6947.jpg 9 0 1 343 343 14 15 314 314 5 5 333 333 19 20 306 305 64 71 14 14 279 89 14 15 274 85 22 22 284 243 13 12 61 67 22 22
samples/negative_unlabelled/n03954393_7028.jpg 3 324 2 309 309 62 122 18 18 521 103 10 11
samples/negative_unlabelled/n03954393_7395.jpg 1 3 2 490 490
samples/negative_unlabelled/n03954393_778.jpg 1 3 3 488 488
samples/negative_unlabelled/n03954393_856.jpg 2 3 4 238 233 258 3 236 233
samples/negative_unlabelled/n03954393_8789.jpg 1 5 3 486 486
samples/negative_unlabelled/n03954393_8973.jpg 2 331 80 5 5 293 102 6 6
samples/negative_unlabelled/n03954393_9083.jpg 1 21 63 229 228
samples/negative_unlabelled/n03954393_9758.jpg 2 246 116 9 9 269 147 9 9
samples/negative_unlabelled/n03954393_99.jpg 2 353 14 308 308 22 12 309 309
samples/negative_unlabelled/n04349189_1439.jpg 2 29 32 19 19 2 3 75 75
samples/negative_unlabelled/n04349189_1480.jpg 8 212 438 11 11 348 382 11 11 121 67 8 8 121 258 13 13 144 361 11 11 115 60 6 6 130 73 8 8 316 334 6 6
samples/negative_unlabelled/n04349189_1560.jpg 1 37 34 32 35
samples/negative_unlabelled/n04349189_172.jpg 1 110 102 69 83
samples/negative_unlabelled/n04349189_1849.jpg 9 364 51 17 17 141 36 15 13 146 38 6 9 255 30 152 152 368 55 9 9 283 57 95 94 304 44 8 8 100 57 99 101 271 127 9 9
samples/negative_unlabelled/n04349189_2676.jpg 2 212 114 10 12 156 35 17 17
samples/negative_unlabelled/n04349189_2713.jpg 2 118 5 100 100 20 11 100 101
samples/negative_unlabelled/n04349189_313.jpg 1 24 19 97 94
samples/negative_unlabelled/n04349189_3257.jpg 2 22 54 114 114 289 21 134 134
samples/negative_unlabelled/n04349189_3527.jpg 2 254 221 17 12 369 213 8 8
samples/negative_unlabelled/n04349189_419.jpg 1 16 4 56 56
samples/negative_unlabelled/n04349189_508.jpg 1 259 55 122 122
samples/negative_unlabelled/n04349189_597.jpg 1 234 43 7 7
samples/negative_unlabelled/n04349189_675.jpg 1 377 93 17 17
samples/negative_unlabelled/n04349189_995.jpg 7 467 170 13 13 568 99 15 15 299 346 9 9 477 140 176 183 651 284 9 9 514 340 15 15 469 455 8 8
samples/negative_unlabelled/n04448361_10236.jpg 15 530 15 5 5 58 14 6 6 616 14 6 6 546 356 14 18 708 14 6 6 763 227 15 17 183 14 6 6 490 341 6 6 97 14 6 6 273 14 6 6 58 341 6 6 58 76 6 6 58 273 6 6 491 76 6 6 398 144 6 6
samples/negative_unlabelled/n04448361_10315.jpg 1 11 486 9 10
samples/negative_unlabelled/n04448361_10650.jpg 1 35 62 75 75
samples/negative_unlabelled/n04448361_10738.jpg 2 230 386 6 6 199 349 6 6
samples/negative_unlabelled/n04448361_10927.jpg 2 416 168 5 7 429 201 19 20
samples/negative_unlabelled/n04448361_10980.jpg 2 2 159 136 136 4 3 133 134
samples/negative_unlabelled/n04448361_11152.jpg 1 301 117 34 35
samples/negative_unlabelled/n04448361_11760.jpg 4 2 2 139 139 159 3 136 136 181 26 89 88 81 121 13 13
samples/negative_unlabelled/n04448361_11924.jpg 1 37 35 16 17
samples/negative_unlabelled/n04448361_1206.jpg 2 269 305 9 7 350 277 12 9
samples/negative_unlabelled/n04448361_12206.jpg 1 168 199 7 7
samples/negative_unlabelled/n04448361_12395.jpg 1 193 173 5 5
samples/negative_unlabelled/n04448361_12586.jpg 4 204 199 48 48 198 192 59 62 195 188 65 71 207 203 41 41
samples/negative_unlabelled/n04448361_1368.jpg 1 5 6 82 79
samples/negative_unlabelled/n04448361_1474.jpg 1 3 2 67 67
samples/negative_unlabelled/n04448361_1586.jpg 5 257 66 8 10 252 61 19 19 80 146 18 18 77 168 19 19 362 337 16 14
samples/negative_unlabelled/n04448361_1679.jpg 1 39 36 29 29
samples/negative_unlabelled/n04448361_1750.jpg 2 88 21 7 5 30 56 7 7
samples/negative_unlabelled/n04448361_2039.jpg 1 171 106 160 160
samples/negative_unlabelled/n04448361_2127.jpg 1 10 11 196 196
samples/negative_unlabelled/n04448361_220.jpg 1 20 19 105 104
samples/negative_unlabelled/n04448361_2313.jpg 1 106 16 285 282
samples/negative_unlabelled/n04448361_2398.jpg 1 224 210 6 6
samples/negative_unlabelled/n04448361_2453.jpg 1 415 219 13 8
samples/negative_unlabelled/n04448361_2828.jpg 6 13 13 468 466 26 25 441 441 163 295 10 10 131 298 10 10 412 275 10 9 290 309 24 24
samples/negative_unlabelled/n04448361_2917.jpg 10 318 393 56 49 153 318 17 17 355 15 121 121 398 319 38 38 211 368 70 69 74 24 101 101 195 230 117 118 46 306 5 5 368 31 97 95 419 166 8 8
samples/negative_unlabelled/n04448361_319.jpg 1 105 329 31 31
samples/negative_unlabelled/n04448361_3336.jpg 2 10 238 206 208 10 7 207 206
samples/negative_unlabelled/n04448361_3421.jpg 1 149 63 8 8
samples/negative_unlabelled/n04448361_361.jpg 2 6 -3 331 335 224 109 7 7
samples/negative_unlabelled/n04448361_3671.jpg 1 6 5 84 84
samples/negative_unlabelled/n04448361_3747.jpg 3 290 68 12 12 189 126 40 39 200 135 18 21
samples/negative_unlabelled/n04448361_3814.jpg 1 306 187 10 16
samples/negative_unlabelled/n04448361_4063.jpg 1 24 268 15 15
samples/negative_unlabelled/n04448361_4170.jpg 2 348 53 10 8 388 149 8 8
samples/negative_unlabelled/n04448361_4326.jpg 1 109 96 6 6
samples/negative_unlabelled/n04448361_4621.jpg 1 33 190 16 12
samples/negative_unlabelled/n04448361_4749.jpg 1 10 10 178 178
samples/negative_unlabelled/n04448361_4803.jpg 1 228 70 22 16
samples/negative_unlabelled/n04448361_4925.jpg 2 82 17 37 37 14 73 47 47
samples/negative_unlabelled/n04448361_5392.jpg 1 63 154 9 8
samples/negative_unlabelled/n04448361_5492.jpg 2 32 21 197 195 255 24 201 198
samples/negative_unlabelled/n04448361_5730.jpg 2 256 56 209 210 33 58 210 207
samples/negative_unlabelled/n04448361_5947.jpg 1 275 248 9 9
samples/negative_unlabelled/n04448361_6074.jpg 1 119 26 131 134
samples/negative_unlabelled/n04448361_6274.jpg 1 186 123 8 8
samples/negative_unlabelled/n04448361_6372.jpg 1 45 68 19 21
samples/negative_unlabelled/n04448361_6771.jpg 1 11 12 71 71
samples/negative_unlabelled/n04448361_6991.jpg 2 40 37 254 256 206 23 8 8
samples/negative_unlabelled/n04448361_7144.jpg 1 227 443 7 7
samples/negative_unlabelled/n04448361_7465.jpg 5 63 323 43 48 71 333 28 28 332 289 6 6 407 176 5 5 368 400 6 6
samples/negative_unlabelled/n04448361_7650.jpg 3 44 37 262 260 60 52 232 229 23 122 23 18
samples/negative_unlabelled/n04448361_7857.jpg 2 231 74 33 55 335 202 66 55
samples/negative_unlabelled/n04448361_8082.jpg 1 197 86 22 31
samples/negative_unlabelled/n04448361_8315.jpg 1 10 213 12 5
samples/negative_unlabelled/n04448361_8488.jpg 1 8 9 222 221
samples/negative_unlabelled/n04448361_8828.jpg 2 100 84 45 45 103 87 38 38
samples/negative_unlabelled/n04448361_9025.jpg 1 483 180 6 6
samples/negative_unlabelled/n04448361_9112.jpg 1 91 198 9 9
samples/negative_unlabelled/n04448361_9178.jpg 1 10 9 342 342
samples/negative_unlabelled/n04448361_9298.jpg 4 57 48 232 232 10 1 326 327 15 6 316 318 113 253 8 8
samples/negative_unlabelled/n04448361_9601.jpg 2 1 9 233 226 94 187 8 8
samples/negative_unlabelled/n04448361_9751.jpg 2 25 93 198 203 254 97 204 206
samples/negative_unlabelled/n04448361_991.jpg 1 6 0 333 331
samples/negative_unlabelled/n04448361_9978.jpg 1 47 57 296 300
samples/negative_unlabelled/n11691046_11337.jpg 1 364 164 19 19
samples/negative_unlabelled/n11691046_11453.jpg 1 70 325 6 6
samples/negative_unlabelled/n11691046_11544.jpg 1 87 303 5 5
samples/negative_unlabelled/n11691046_11790.jpg 2 126 86 8 8 382 22 13 13
samples/negative_unlabelled/n11691046_12380.jpg 1 177 173 7 9
samples/negative_unlabelled/n11691046_12814.jpg 2 397 10 19 19 58 60 13 13
samples/negative_unlabelled/n11691046_12898.jpg 1 241 0 14 14
samples/negative_unlabelled/n11691046_13085.jpg 3 295 32 12 13 382 242 5 5 368 140 12 6
samples/negative_unlabelled/n11691046_13744.jpg 4 328 436 18 18 292 436 17 21 333 437 9 9 309 437 20 18
samples/negative_unlabelled/n11691046_13884.jpg 1 4 340 30 30
samples/negative_unlabelled/n11691046_14480.jpg 1 395 13 11 11
samples/negative_unlabelled/n11691046_15033.jpg 6 365 291 5 5 410 118 6 6 130 283 6 6 93 255 7 7 442 306 8 8 414 40 6 6
samples/negative_unlabelled/n11691046_15735.jpg 6 460 8 11 7 448 5 9 9 481 271 9 5 253 134 8 5 109 88 6 6 474 196 12 7
samples/negative_unlabelled/n11691046_16102.jpg 2 173 191 16 16 192 165 13 13
samples/negative_unlabelled/n11691046_16538.jpg 2 367 109 4 4 247 180 7 7
samples/negative_unlabelled/n11691046_16908.jpg 5 193 167 12 10 237 184 9 9 253 177 9 9 224 218 12 7 244 204 8 11
samples/negative_unlabelled/n11691046_17044.jpg 1 26 168 11 11
samples/negative_unlabelled/n11691046_17197.jpg 1 26 24 15 15
samples/negative_unlabelled/n11691046_17690.jpg 1 335 59 13 21
samples/negative_unlabelled/n11691046_18121.jpg 1 57 331 6 8
samples/negative_unlabelled/n11691046_18330.jpg 1 51 338 11 11
samples/negative_unlabelled/n11691046_18461.jpg 1 122 23 7 7
samples/negative_unlabelled/n11691046_18755.jpg 1 284 382 9 9
samples/negative_unlabelled/n11691046_18937.jpg 4 279 1 10 10 305 5 8 8 288 8 9 9 239 0 7 7
samples/negative_unlabelled/n11691046_19812.jpg 1 591 623 11 11
samples/negative_unlabelled/n11691046_19911.jpg 1 37 12 9 9
samples/negative_unlabelled/n11691046_20206.jpg 1 300 53 27 16
samples/negative_unlabelled/n11691046_20472.jpg 2 270 71 13 12 332 38 9 9
samples/negative_unlabelled/n11691046_20796.jpg 2 276 437 13 13 332 307 14 14
samples/negative_unlabelled/n11691046_2342.jpg 3 473 306 6 7 534 298 7 7 162 398 7 7
samples/negative_unlabelled/n11691046_25925.jpg 2 194 60 8 6 261 95 7 7
samples/negative_unlabelled/n11691046_307.jpg 2 210 374 13 11 276 342 15 16
samples/negative_unlabelled/n11691046_4406.jpg 1 366 432 15 19
samples/negative_unlabelled/n11691046_470.jpg 1 250 292 7 13
samples/negative_unlabelled/n11691046_5469.jpg 1 215 151 6 6
samples/negative_unlabelled/n11691046_562.jpg 1 16 83 11 11
samples/negative_unlabelled/n11691046_5730.jpg 1 486 477 10 15
samples/negative_unlabelled/n11691046_7123.jpg 4 189 330 6 6 374 250 7 7 485 191 8 8 452 217 8 10
samples/negative_unlabelled/n11691046_9717.jpg 2 85 109 11 8 21 121 7 7
samples/negative_unlabelled/n11692792_1071.jpg 1 49 102 9 5
samples/negative_unlabelled/n11692792_1221.jpg 1 238 436 9 9
samples/negative_unlabelled/n11692792_1404.jpg 1 400 74 17 15
samples/negative_unlabelled/n11692792_1840.jpg 1 202 382 10 9
samples/negative_unlabelled/n11692792_1951.jpg 5 315 168 8 8 109 40 6 6 355 218 6 6 350 298 7 7 338 338 7 7
samples/negative_unlabelled/n11692792_2388.jpg 5 315 552 10 10 68 254 16 16 259 180 11 11 67 343 16 16 355 458 14 14
samples/negative_unlabelled/n11692792_3058.jpg 2 211 359 8 8 221 355 9 9
samples/negative_unlabelled/n11692792_3879.jpg 1 -1 284 12 9
samples/negative_unlabelled/n11692792_4307.jpg 2 463 163 8 8 488 33 18 18
samples/negative_unlabelled/n11692792_5241.jpg 1 209 0 12 16
samples/negative_unlabelled/n11692792_590.jpg 1 85 310 10 14
samples/negative_unlabelled/n11692792_6154.jpg 1 432 409 15 15
samples/negative_unlabelled/n11692792_6246.jpg 3 652 89 13 17 589 88 17 18 201 533 6 6
samples/negative_unlabelled/n11692792_6360.jpg 1 21 233 7 7
samples/negative_unlabelled/n11692792_7004.jpg 1 272 347 12 12
samples/negative_unlabelled/n11692792_7197.jpg 1 307 426 13 13
samples/negative_unlabelled/n11692792_7324.jpg 1 4 162 8 11
samples/negative_unlabelled/n13007034_10864.jpg 1 289 253 9 11
samples/negative_unlabelled/n13007034_11244.jpg 1 24 351 7 7
samples/negative_unlabelled/n13007034_11841.jpg 3 446 227 14 11 456 240 10 8 209 261 9 11
samples/negative_unlabelled/n13007034_12039.jpg 3 207 62 9 9 149 67 10 10 282 6 8 8
samples/negative_unlabelled/n13007034_12414.jpg 1 424 235 24 19
samples/negative_unlabelled/n13007034_12573.jpg 1 107 74 7 7
samples/negative_unlabelled/n13007034_12904.jpg 1 285 468 19 19
samples/negative_unlabelled/n13007034_13086.jpg 5 18 54 8 8 16 80 8 10 45 55 7 8 34 129 7 7 18 111 9 9
samples/negative_unlabelled/n13007034_13202.jpg 1 387 184 29 14
samples/negative_unlabelled/n13007034_13820.jpg 1 202 173 14 14
samples/negative_unlabelled/n13007034_14670.jpg 1 25 104 8 6
samples/negative_unlabelled/n13007034_14885.jpg 2 61 220 15 18 137 204 11 11
samples/negative_unlabelled/n13007034_15247.jpg 1 161 275 6 7
samples/negative_unlabelled/n13007034_15444.jpg 1 489 170 7 11
samples/negative_unlabelled/n13007034_15584.jpg 1 439 216 5 5
samples/negative_unlabelled/n13007034_2500.jpg 1 49 12 8 8
samples/negative_unlabelled/n13007034_2653.jpg 2 237 290 14 13 140 302 11 11
samples/negative_unlabelled/n13007034_3325.jpg 1 72 128 11 16
samples/negative_unlabelled/n13007034_3574.jpg 1 432 63 15 24
samples/negative_unlabelled/n13007034_3838.jpg 2 250 174 6 6 253 196 6 6
samples/negative_unlabelled/n13007034_413.jpg 1 231 185 13 18
samples/negative_unlabelled/n13007034_4483.jpg 1 457 210 6 11
samples/negative_unlabelled/n13007034_473.jpg 17 323 67 7 6 185 59 8 8 229 1 8 8 85 82 7 7 427 208 8 8 125 214 11 11 163 260 9 9 116 226 9 9 414 138 7 7 202 10 6 6 241 258 8 8 177 43 8 8 422 139 7 7 369 65 7 7 160 76 9 9 138 0 6 6 143 174 11 11
samples/negative_unlabelled/n13007034_4970.jpg 1 273 29 9 9
samples/negative_unlabelled/n13007034_5034.jpg 1 100 250 25 18
samples/negative_unlabelled/n13007034_5181.jpg 1 582 217 8 8
samples/negative_unlabelled/n13007034_533.jpg 1 408 211 8 8
samples/negative_unlabelled/n13007034_5539.jpg 4 188 175 28 23 358 119 28 23 384 181 6 6 423 237 7 7
samples/negative_unlabelled/n13007034_5661.jpg 1 694 491 12 15
samples/negative_unlabelled/n13007034_577.jpg 1 73 126 5 5
samples/negative_unlabelled/n13007034_617.jpg 4 94 250 40 20 167 256 40 20 529 252 22 22 536 317 13 14
samples/negative_unlabelled/n13007034_6256.jpg 1 104 202 9 10
samples/negative_unlabelled/n13007034_6868.jpg 1 188 276 6 8
samples/negative_unlabelled/n13007034_70.jpg 1 174 254 6 6
samples/negative_unlabelled/n13007034_7246.jpg 8 145 240 14 12 500 109 8 8 207 314 10 10 127 225 11 11 440 337 13 14 80 100 12 16 361 9 5 7 137 56 7 7
samples/negative_unlabelled/n13007034_742.jpg 1 148 172 7 7
samples/negative_unlabelled/n13007034_8137.jpg 1 255 6 14 14
samples/negative_unlabelled/n13007034_8194.jpg 1 193 29 17 15
samples/negative_unlabelled/n13007034_8304.jpg 1 125 260 9 9
samples/negative_unlabelled/n13007034_8987.jpg 6 152 327 13 13 93 307 10 10 103 269 10 10 254 328 9 9 79 234 9 9 488 235 7 7
samples/negative_unlabelled/n13007034_9600.jpg 1 297 188 13 13
samples/negative_unlabelled/n13007034_994.jpg 1 750 227 6 8
samples/negative_unlabelled/n13873502_10186.jpg 3 57 52 387 387 77 69 347 353 65 60 371 371
samples/negative_unlabelled/n13873502_10413.jpg 10 63 386 6 10 67 101 9 7 44 330 6 9 31 276 11 9 39 183 15 7 37 211 6 13 82 80 10 6 30 174 7 17 93 52 9 10 58 88 11 14
samples/negative_unlabelled/n13873502_10565.jpg 1 59 225 124 124
samples/negative_unlabelled/n13873502_11723.jpg 5 37 382 83 108 151 207 8 8 149 525 9 9 141 325 9 9 157 432 6 6
samples/negative_unlabelled/n13873502_11862.jpg 9 223 90 7 7 260 77 6 6 310 91 6 6 370 183 6 6 368 222 6 6 203 85 6 6 218 70 6 6 302 67 7 7 114 292 7 7
samples/negative_unlabelled/n13873502_12063.jpg 9 329 252 112 112 202 249 117 117 78 248 117 117 79 128 109 110 333 127 108 111 210 4 103 105 87 9 110 100 203 120 117 117 333 12 99 106
samples/negative_unlabelled/n13873502_12379.jpg 1 392 281 8 8
samples/negative_unlabelled/n13873502_13036.jpg 3 307 383 26 26 144 381 28 27 196 160 28 27
samples/negative_unlabelled/n13873502_13229.jpg 1 301 203 30 40
samples/negative_unlabelled/n13873502_13360.jpg 6 236 82 49 47 143 132 125 210 276 58 20 11 205 239 190 106 342 66 59 76 59 38 10 10
samples/negative_unlabelled/n13873502_13646.jpg 6 1217 7 12 12 342 483 54 54 861 197 54 54 861 483 54 54 863 199 50 50 863 485 50 50
samples/negative_unlabelled/n13873502_13849.jpg 2 388 173 16 21 370 97 12 12
samples/negative_unlabelled/n13873502_13911.jpg 7 214 235 19 19 277 281 17 17 221 278 18 18 273 261 17 17 257 274 16 16 254 253 16 16 237 267 17 17
samples/negative_unlabelled/n13873502_14066.jpg 1 250 29 12 8
samples/negative_unlabelled/n13873502_14162.jpg 144 221 108 14 14 199 127 12 12 209 138 15 15 283 134 14 14 237 258 8 8 377 102 33 33 264 384 17 17 305 318 18 18 285 161 20 20 135 406 13 13 268 125 14 14 227 184 7 7 217 179 8 8 169 204 18 18 290 283 21 21 40 162 29 29 410 123 27 27 140 301 14 14 151 151 9 9 315 142 14 14 328 343 11 11 97 400 16 16 408 204 25 25 435 299 26 26 187 251 8 8 184 172 13 13 269 287 7 7 314 339 11 11 128 153 20 20 60 227 17 17 80 316 22 22 163 222 10 10 333 111 21 21 56 193 11 11 282 242 13 13 205 307 15 15 191 208 11 11 193 152 20 18 270 297 9 9 239 107 12 12 235 189 10 10 128 330 27 27 273 254 8 8 351 128 23 23 419 177 23 23 396 240 12 12 193 270 8 8 65 201 24 24 230 146 8 8 335 190 13 13 276 369 14 14 324 190 8 8 315 94 20 20 369 197 8 8 80 226 13 13 297 183 12 12 195 259 7 7 203 397 14 14 145 243 7 7 196 324 14 14 216 88 15 16 169 312 14 14 326 395 11 11 209 75 11 11 295 90 8 8 147 170 12 11 452 264 17 17 425 297 9 9 335 279 13 13 372 393 9 9 306 85 9 9 233 99 8 8 158 138 10 10 122 121 18 18 342 359 27 27 228 133 10 10 289 318 12 12 397 315 24 23 159 162 7 7 162 106 18 18 104 307 19 19 331 208 12 12 331 295 10 10 261 86 17 17 228 336 9 9 108 254 19 19 102 162 13 13 67 298 11 11 97 204 9 9 241 138 7 7 312 191 9 9 102 381 16 16 254 437 18 18 365 343 18 18 360 71 33 32 189 281 9 9 361 286 12 12 159 212 8 8 85 387 14 14 98 192 8 8 127 318 9 9 169 244 9 9 114 370 10 10 350 408 12 12 285 384 16 16 105 88 31 31 184 188 10 10 223 70 11 11 456 226 14 14 104 370 7 7 313 165 11 11 144 123 8 8 98 220 11 11 155 431 23 23 179 437 20 17 355 316 12 12 256 167 11 11 322 378 14 14 372 297 9 9 355 393 13 13 124 421 14 14 165 63 25 25 110 140 7 7 214 412 14 14 426 149 25 25 445 188 20 20 420 349 19 19 362 217 10 10 385 296 11 11 110 334 12 12 376 216 11 11 163 420 8 8 74 244 8 8 163 373 16 16 97 290 15 15 201 91 11 11 61 271 22 22 94 118 17 17 179 43 17 17 327 158 13 15 390 407 8 8 160 45 14 15 407 152 14 14 34 234 14 14
samples/negative_unlabelled/n13873502_15263.jpg 2 220 259 15 15 500 272 5 5
samples/negative_unlabelled/n13873502_1550.jpg 1 13 13 74 74
samples/negative_unlabelled/n13873502_16440.jpg 17 9 253 8 8 166 59 11 11 361 371 10 10 126 69 8 8 110 294 9 9 319 330 9 9 124 341 10 10 378 78 7 7 334 292 8 8 34 296 8 8 454 220 10 9 281 167 7 7 309 108 8 8 8 272 9 9 350 400 8 8 59 157 7 7 71 229 10 10
samples/negative_unlabelled/n13873502_16544.jpg 1 270 344 18 18
samples/negative_unlabelled/n13873502_16740.jpg 2 209 279 11 14 206 273 17 27
samples/negative_unlabelled/n13873502_16898.jpg 1 389 342 10 8
samples/negative_unlabelled/n13873502_17024.jpg 28 394 305 17 17 396 307 11 13 19 261 6 6 19 312 6 6 19 438 6 6 19 286 6 6 19 387 6 6 19 412 6 6 46 337 9 9 229 66 22 20 297 210 10 10 107 15 9 9 51 411 10 10 354 51 5 5 169 51 5 5 40 411 10 10 257 25 8 8 456 22 11 11 131 686 19 16 135 94 10 11 333 95 11 11 531 689 11 11 528 685 16 18 528 91 16 18 132 91 16 18 132 488 16 18 528 488 16 19 531 491 10 11
samples/negative_unlabelled/n13873502_17202.jpg 1 219 7 40 40
samples/negative_unlabelled/n13873502_17306.jpg 3 440 1 10 10 452 1 10 10 6 45 14 14
samples/negative_unlabelled/n13873502_17400.jpg 1 175 117 9 9
samples/negative_unlabelled/n13873502_17577.jpg 2 347 124 16 24 325 307 103 100
samples/negative_unlabelled/n13873502_17769.jpg 57 184 58 15 15 297 55 16 16 272 198 16 16 212 57 16 16 130 199 16 16 384 138 17 17 159 198 16 16 101 199 17 16 243 198 16 16 243 170 16 16 158 255 16 16 233 45 25 25 158 143 16 16 159 227 16 16 243 254 17 17 215 282 16 17 130 143 16 16 187 142 16 16 101 143 16 16 327 168 16 16 187 254 16 16 215 142 16 16 242 283 16 16 215 254 17 15 328 197 17 17 130 227 16 16 158 170 16 16 186 312 16 16 356 196 17 17 188 199 16 16 130 171 16 16 242 312 17 16 158 283 16 16 299 169 16 16 356 139 17 17 299 197 16 16 357 225 17 17 327 140 16 16 186 283 16 16 157 114 16 16 129 255 16 16 185 114 16 16 298 113 16 16 216 197 15 17 242 114 16 16 356 168 17 17 101 226 17 17 215 170 15 16 385 167 17 17 214 311 16 16 271 254 16 16 326 111 16 16 299 254 16 16 271 283 17 17 299 284 17 17 271 312 16 16 357 284 17 17
samples/negative_unlabelled/n13873502_17985.jpg 81 165 33 9 9 409 153 10 10 295 23 9 9 218 45 7 7 380 228 7 7 444 179 12 12 382 38 12 12 268 16 9 9 159 71 7 7 442 212 12 12 242 42 7 7 384 159 7 7 394 106 9 9 371 120 7 7 212 17 9 9 470 255 15 15 339 44 10 10 179 58 7 7 325 67 7 7 358 100 7 7 321 334 10 10 411 208 9 9 387 323 12 12 343 82 7 7 421 91 12 12 288 49 7 7 404 235 10 10 357 17 12 12 361 265 7 7 75 160 9 9 103 165 7 7 412 181 9 9 362 344 12 12 121 21 12 12 335 362 12 12 455 72 15 15 481 178 15 15 385 205 7 7 347 283 7 7 478 139 15 15 49 123 12 12 96 43 11 12 329 299 7 7 103 88 10 10 76 216 9 9 408 9 15 15 81 133 9 9 41 155 12 12 434 39 14 14 141 48 9 9 309 311 7 7 440 147 12 12 118 251 7 7 66 15 15 15 108 142 7 7 164 302 7 7 201 321 7 7 40 188 12 12 107 286 10 10 439 318 15 15 92 262 10 10 219 352 10 10 192 345 10 10 247 327 7 7 41 46 15 15 414 349 15 15 43 221 12 12 126 306 10 10 10 110 14 15 1 149 15 14 4 227 14 15 81 305 12 12 476 344 18 18 27 294 15 15 103 329 12 12 63 277 12 12 -1 188 15 15 0 18 17 18 9 355 17 18 180 121 135 135 172 112 151 151
samples/negative_unlabelled/n13873502_19659.jpg 1 269 254 6 6
samples/negative_unlabelled/n13873502_20222.jpg 1 147 332 7 7
samples/negative_unlabelled/n13873502_20764.jpg 3 206 259 5 8 223 289 8 5 257 298 7 6
samples/negative_unlabelled/n13873502_20980.jpg 3 324 243 6 6 122 83 27 27 70 266 10 10
samples/negative_unlabelled/n13873502_21146.jpg 21 23 14 456 460 415 308 11 11 331 316 9 9 444 300 10 10 443 276 8 8 325 171 18 21 463 277 7 7 420 357 7 7 442 238 9 9 431 237 8 8 101 300 13 12 410 360 8 8 412 376 8 9 450 291 8 8 244 241 6 6 427 289 9 9 35 283 16 16 56 284 14 14 165 292 8 8 28 242 14 14 81 310 15 15
samples/negative_unlabelled/n13873502_21364.jpg 2 300 287 20 20 56 60 384 384
samples/negative_unlabelled/n13873502_21564.jpg 66 447 196 13 13 328 238 28 28 263 201 49 49 191 118 6 6 401 152 17 17 168 30 7 7 285 253 37 37 184 314 7 7 175 23 8 8 189 90 5 5 91 129 8 8 140 57 8 8 199 82 8 8 122 199 8 8 333 221 9 9 90 112 6 6 427 206 7 7 87 245 9 9 216 50 8 8 308 14 7 7 180 13 8 8 119 86 6 6 328 276 7 7 458 10 4 4 273 142 6 6 174 253 6 6 116 189 8 8 21 267 7 7 116 119 8 8 85 86 28 26 225 321 7 7 360 160 6 6 470 322 7 7 24 120 6 6 448 368 12 12 13 350 18 18 43 275 7 7 20 51 4 4 109 281 15 15 427 163 19 19 431 192 6 6 144 355 8 8 319 210 14 14 25 39 15 15 318 232 7 7 34 259 13 14 175 54 7 7 149 142 5 5 130 256 11 10 419 120 13 13 296 73 10 10 183 135 9 9 170 142 7 7 177 148 8 8 174 321 6 6 381 148 10 10 93 28 5 5 455 116 5 5 456 239 7 7 272 267 6 6 313 197 6 6 441 191 25 25 252 361 9 9 94 263 6 6 150 300 6 6 150 337 6 6
samples/negative_unlabelled/n13873502_22137.jpg 1 7 13 57 34
samples/negative_unlabelled/n13873502_22796.jpg 2 376 475 14 14 304 203 20 18
samples/negative_unlabelled/n13873502_23054.jpg 7 954 1049 48 48 958 1052 41 41 965 1059 27 27 968 1062 21 21 794 262 324 328 687 159 538 538 645 108 627 627
samples/negative_unlabelled/n13873502_23696.jpg 6 305 384 24 24 399 190 29 29 360 202 27 27 383 151 29 29 348 172 27 27 438 177 31 31
samples/negative_unlabelled/n13873502_25043.jpg 37 336 285 39 28 219 322 36 23 267 294 23 38 236 339 50 39 381 211 11 9 150 376 32 30 329 209 46 41 279 250 49 34 333 166 35 46 177 318 35 47 398 74 45 32 73 343 39 25 398 50 19 31 270 252 17 11 281 209 46 33 351 120 42 37 95 344 79 45 304 170 19 34 245 219 33 19 260 243 17 10 353 83 38 36 333 45 37 17 133 291 39 35 241 174 30 15 251 196 8 11 176 198 32 33 237 148 14 28 313 69 10 19 185 164 37 22 203 115 23 12 322 72 32 37 262 59 37 18 154 131 18 24 80 221 29 32 101 194 24 13 75 255 19 40 61 301 10 10
samples/negative_unlabelled/n13873502_25746.jpg 2 54 102 16 11 45 97 10 9
samples/negative_unlabelled/n13873502_26161.jpg 10 322 274 11 11 374 295 11 11 402 309 11 11 398 365 11 11 372 335 11 11 378 257 11 11 411 338 11 11 451 343 11 11 366 414 12 12 431 284 11 11
samples/negative_unlabelled/n13873502_26812.jpg 1 3 20 106 100
samples/negative_unlabelled/n13873502_26921.jpg 1 0 -1 493 493
samples/negative_unlabelled/n13873502_27154.jpg 2 243 256 12 12 219 2 8 8
samples/negative_unlabelled/n13873502_27406.jpg 1 106 41 237 238
samples/negative_unlabelled/n13873502_27720.jpg 2 219 265 20 11 163 193 8 8
samples/negative_unlabelled/n13873502_27891.jpg 2 167 163 15 15 295 16 14 11
samples/negative_unlabelled/n13873502_28831.jpg 4 221 94 166 166 270 112 101 99 216 90 174 174 261 106 114 114
samples/negative_unlabelled/n13873502_29430.jpg 4 91 382 53 56 258 361 56 33 26 436 40 76 202 402 63 37
samples/negative_unlabelled/n13873502_3085.jpg 1 190 32 263 263
samples/negative_unlabelled/n13873502_328.jpg 1 20 32 457 464
samples/negative_unlabelled/n13873502_3528.jpg 9 127 436 23 25 297 224 24 23 199 430 15 10 112 370 13 16 114 358 12 13 328 289 26 18 203 183 22 19 181 439 17 6 127 395 12 13
samples/negative_unlabelled/n13873502_3852.jpg 1 110 4 422 426
samples/negative_unlabelled/n13873502_4214.jpg 30 145 382 190 188 238 555 6 6 269 154 27 28 134 179 23 23 156 192 28 28 165 429 6 6 226 185 29 29 185 222 8 8 228 142 37 37 172 204 7 7 180 142 32 29 284 182 19 19 293 130 31 31 236 202 10 10 206 124 27 26 289 108 23 21 179 120 19 23 237 125 19 16 225 97 29 28 269 135 19 18 195 75 26 23 248 75 35 30 78 296 20 20 236 65 14 15 81 432 19 19 258 284 20 20 206 376 8 8 266 91 9 9 164 330 20 20 373 370 16 16
samples/negative_unlabelled/n13873502_4523.jpg 3 229 155 44 44 171 94 167 167 182 103 145 147
samples/negative_unlabelled/n13873502_5119.jpg 7 348 158 6 6 294 365 6 6 169 367 5 5 263 395 5 5 295 344 9 6 298 330 7 6 317 298 12 8
samples/negative_unlabelled/n13873502_5842.jpg 15 746 817 10 8 767 787 11 9 249 588 9 9 389 838 9 10 263 556 9 9 342 810 8 11 434 859 7 11 536 884 7 9 282 754 20 26 484 880 8 10 303 495 9 9 799 653 9 6 614 457 8 11 694 503 7 10 501 433 14 10
samples/negative_unlabelled/n13873502_7213.jpg 1 202 103 223 223
samples/negative_unlabelled/n13873502_7738.jpg 3 169 49 247 247 163 43 260 260 290 170 5 5
samples/negative_unlabelled/n13873502_8080.jpg 2 179 296 43 39 140 322 7 7
samples/negative_unlabelled/n13873502_8193.jpg 1 95 68 86 99
samples/negative_unlabelled/n13873502_8257.jpg 6 189 115 80 80 191 206 80 80 98 117 78 79 21 446 34 26 194 391 82 82 192 298 83 83
samples/negative_unlabelled/n13873502_8906.jpg 2 100 108 135 137 116 123 103 102
samples/negative_unlabelled/n13873502_9019.jpg 39 415 703 23 23 131 124 24 24 724 527 23 23 623 320 21 21 598 299 21 21 469 487 36 36 546 478 23 23 261 275 35 35 278 435 37 36 250 358 36 36 267 403 23 23 386 555 20 21 346 488 36 36 563 407 22 22 534 437 37 35 215 415 36 36 283 210 22 22 287 511 22 22 386 499 36 36 496 539 21 21 341 643 23 23 510 475 23 23 250 216 22 22 582 217 22 22 350 189 36 36 289 247 22 22 542 247 23 23 208 317 22 22 388 178 36 36 322 182 23 23 430 179 36 36 547 213 23 23 336 149 22 22 496 153 22 22 429 497 35 35 215 541 23 22 491 643 23 23 430 377 22 22 404 379 21 21
samples/negative_unlabelled/n13873502_9727.jpg 4 214 235 37 32 125 176 29 29 147 250 35 26 178 324 29 39
samples/negative_unlabelled/n13873502_9818.jpg 1 18 112 291 290
samples/negative_unlabelled/n13873502_9928.jpg 1 232 428 11 10
samples/negative_unlabelled/n13873917_11811.jpg 1 121 70 255 255
samples/negative_unlabelled/n13873917_12647.jpg 2 78 20 324 323 148 147 10 10
samples/negative_unlabelled/n13873917_13064.jpg 1 42 87 114 112
samples/negative_unlabelled/n13873917_1342.jpg 4 18 19 459 460 272 334 15 8 16 15 463 468 56 485 11 11
samples/negative_unlabelled/n13873917_14262.jpg 2 128 125 59 59 123 123 66 66
samples/negative_unlabelled/n13873917_15886.jpg 3 224 245 11 10 222 243 16 15 252 307 8 8
samples/negative_unlabelled/n13873917_16857.jpg 8 155 183 32 32 195 108 113 112 348 175 7 7 249 68 25 25 158 187 25 25 303 52 8 8 180 236 20 20 141 143 20 20
samples/negative_unlabelled/n13873917_17444.jpg 1 142 45 44 44
samples/negative_unlabelled/n13873917_17799.jpg 10 1205 647 6 6 759 432 5 5 696 558 27 27 925 335 25 25 752 412 5 5 1131 353 24 24 742 260 6 6 635 958 18 21 1154 695 22 23 725 982 20 18
samples/negative_unlabelled/n13873917_18381.jpg 7 21 22 160 160 78 89 12 12 114 90 12 12 84 110 12 12 96 76 12 12 118 106 4 4 106 112 12 12
samples/negative_unlabelled/n13873917_18715.jpg 1 138 150 23 23
samples/negative_unlabelled/n13873917_18865.jpg 2 33 37 6 6 158 50 7 7
samples/negative_unlabelled/n13873917_1975.jpg 4 66 54 218 215 59 48 232 232 31 29 285 282 39 35 270 271
samples/negative_unlabelled/n13873917_20064.jpg 2 48 28 399 399 28 12 439 439
samples/negative_unlabelled/n13873917_20519.jpg 1 18 17 462 466
samples/negative_unlabelled/n13873917_20758.jpg 5 339 255 26 25 256 223 6 6 297 251 8 8 344 261 16 14 293 206 6 6
samples/negative_unlabelled/n13873917_2103.jpg 7 683 32 12 12 158 47 520 520 386 287 59 60 732 51 9 9 406 304 20 20 403 301 27 27 382 282 68 68
samples/negative_unlabelled/n13873917_21398.jpg 1 74 219 236 228
samples/negative_unlabelled/n13873917_21552.jpg 1 15 15 466 469
samples/negative_unlabelled/n13873917_22093.jpg 5 209 111 74 74 113 197 7 8 79 111 8 11 143 242 7 7 50 291 11 12
samples/negative_unlabelled/n13873917_22643.jpg 1 103 181 196 210
samples/negative_unlabelled/n13873917_22803.jpg 3 48 19 584 569 302 343 67 62 540 427 7 9
samples/negative_unlabelled/n13873917_23458.jpg 1 35 92 303 336
samples/negative_unlabelled/n13873917_24038.jpg 1 187 163 11 11
samples/negative_unlabelled/n13873917_24210.jpg 1 59 58 380 378
samples/negative_unlabelled/n13873917_25107.jpg 3 281 161 14 15 417 205 13 16 279 116 13 15
samples/negative_unlabelled/n13873917_25450.jpg 3 150 50 410 388 77 49 7 9 497 308 7 9
samples/negative_unlabelled/n13873917_25702.jpg 1 64 67 12 12
samples/negative_unlabelled/n13873917_25941.jpg 1 77 60 132 103
samples/negative_unlabelled/n13873917_26304.jpg 1 135 209 6 6
samples/negative_unlabelled/n13873917_27351.jpg 2 76 80 214 212 84 350 7 7
samples/negative_unlabelled/n13873917_286.jpg 7 291 149 6 6 153 319 8 9 66 35 358 359 153 263 11 11 156 135 6 6 290 170 6 6 168 286 10 10
samples/negative_unlabelled/n13873917_3085.jpg 22 201 292 10 10 201 347 11 11 161 335 10 10 213 281 12 12 193 303 10 10 64 231 14 12 136 343 7 7 98 214 12 14 48 208 12 9 346 241 11 11 369 245 10 10 52 170 12 9 76 353 6 6 401 259 9 8 321 223 18 18 185 163 16 15 404 95 9 9 354 165 13 13 274 144 16 16 435 155 7 7 466 333 6 6 440 129 7 7
samples/negative_unlabelled/n13873917_3642.jpg 1 410 292 16 8
samples/negative_unlabelled/n13873917_3973.jpg 2 -1 3 499 492 193 423 7 7
samples/negative_unlabelled/n13873917_4639.jpg 10 211 333 8 8 339 279 7 7 323 413 12 12 291 204 9 9 236 207 12 12 177 66 11 11 276 288 7 7 180 183 9 9 212 411 7 7 185 408 9 9
samples/negative_unlabelled/n13873917_4806.jpg 5 220 125 74 75 367 172 25 25 172 207 24 24 184 176 24 24 204 206 24 24
samples/negative_unlabelled/n13873917_4944.jpg 28 162 252 27 26 134 238 29 23 131 268 20 18 353 241 17 20 294 282 15 23 272 270 21 17 207 282 8 11 252 287 32 22 240 232 14 22 100 232 26 25 136 214 23 27 188 288 16 22 343 255 15 22 236 261 22 31 343 236 10 8 224 220 18 17 158 273 19 30 216 191 12 20 268 210 25 24 115 253 15 21 153 161 16 14 297 185 18 27 220 148 9 18 251 166 16 27 232 131 12 25 165 143 24 15 194 138 24 13 273 146 41 22
samples/negative_unlabelled/n13873917_5059.jpg 13 371 320 22 22 321 310 22 22 268 259 8 8 133 441 12 18 191 298 31 31 373 323 15 15 44 330 21 21 324 314 15 15 285 178 6 7 442 340 12 11 175 250 15 11 283 252 11 14 481 204 9 10
samples/negative_unlabelled/n13873917_5303.jpg 3 192 78 10 10 254 42 11 11 129 145 12 12
samples/negative_unlabelled/n13873917_5704.jpg 1 257 59 183 183
samples/negative_unlabelled/n13873917_6356.jpg 1 234 479 7 7
samples/negative_unlabelled/n13873917_6579.jpg 8 223 208 11 11 56 142 10 10 202 193 10 10 285 209 16 16 289 271 13 13 396 370 16 16 70 161 9 6 390 385 17 17
samples/negative_unlabelled/n13873917_7005.jpg 2 153 190 14 16 155 193 11 9
samples/negative_unlabelled/n13873917_7224.jpg 72 164 267 15 21 148 267 15 20 156 175 6 6 133 168 6 6 42 174 6 6 125 185 6 6 72 184 6 6 79 207 6 6 143 215 6 6 80 169 6 6 101 198 6 6 150 66 6 6 169 119 6 6 138 121 6 6 141 182 6 6 192 85 6 6 216 132 6 6 93 178 6 6 201 69 6 6 129 108 6 6 173 202 6 6 165 103 6 6 77 108 6 6 217 116 6 6 167 135 6 6 179 150 6 6 87 154 6 6 86 192 6 6 31 94 6 6 94 108 6 6 75 125 6 6 94 213 6 6 107 123 6 6 159 209 6 6 69 156 6 6 134 200 6 6 198 101 6 6 59 125 6 6 61 172 6 6 109 184 6 6 93 48 6 6 34 159 6 6 148 105 6 6 153 120 6 6 66 93 6 6 207 164 6 6 165 188 6 6 214 99 6 6 124 153 6 6 84 35 6 6 178 46 6 6 136 94 6 6 114 109 6 6 201 117 6 6 200 133 6 6 184 134 6 6 116 27 6 6 75 80 6 6 60 109 6 6 78 56 6 6 102 62 6 6 29 143 6 6 189 164 6 6 188 190 6 6 199 178 6 6 108 150 6 6 171 60 6 6 46 143 6 6 46 65 6 6 133 27 6 6 164 75 6 6 44 110 6 6
samples/negative_unlabelled/n13873917_7350.jpg 1 99 87 8 8
samples/negative_unlabelled/n13873917_791.jpg 2 15 22 459 455 201 210 69 73
samples/negative_unlabelled/n13873917_8158.jpg 2 175 162 150 149 162 150 180 180
samples/negative_unlabelled/n13873917_8446.jpg 5 2556 1845 11 21 2533 1471 7 7 1423 2185 10 15 2528 1987 12 8 2801 2859 17 14
samples/negative_unlabelled/n13873917_8571.jpg 1 8 5 484 484
samples/negative_unlabelled/n13873917_8971.jpg 1 217 56 229 273
samples/negative_unlabelled/n13873917_9145.jpg 18 106 9 413 413 447 191 7 8 383 208 15 15 329 360 8 8 388 349 7 8 273 361 8 8 390 285 15 15 363 356 8 7 444 278 7 8 194 279 9 9 185 292 8 8 227 332 8 8 249 199 7 7 193 327 9 7 179 306 9 8 175 269 6 9 192 258 7 8 168 231 8 7
samples/negative_unlabelled/n13873917_955.jpg 3 270 204 13 11 159 353 9 12 267 192 6 6
samples/negative_unlabelled/n13873917_9666.jpg 3 16 22 233 249 116 160 12 11 123 131 30 32
samples/negative_unlabelled/n13874073_10185.jpg 20 588 44 17 19 621 44 17 19 671 44 17 19 125 890 13 13 157 890 13 13 623 47 13 13 674 46 11 14 122 888 18 18 155 888 18 18 591 46 11 14 337 545 12 14 290 546 13 13 334 543 18 18 184 697 6 6 901 79 11 12 318 446 5 5 448 733 5 5 568 600 14 12 565 597 19 19 337 750 6 6
samples/negative_unlabelled/n13874073_10629.jpg 2 90 99 8 8 92 65 8 9
samples/negative_unlabelled/n13874073_11168.jpg 2 25 35 333 321 310 314 88 88
samples/negative_unlabelled/n13874073_13711.jpg 1 8 7 200 200
samples/negative_unlabelled/n13874073_16768.jpg 1 62 437 11 11
samples/negative_unlabelled/n13874073_17380.jpg 1 300 257 6 6
samples/negative_unlabelled/n13874073_17957.jpg 1 401 234 5 5
samples/negative_unlabelled/n13874073_1916.jpg 2 108 2 11 11 85 12 10 10
samples/negative_unlabelled/n13874073_2262.jpg 3 270 932 19 25 319 933 32 24 286 887 11 14
samples/negative_unlabelled/n13874073_398.jpg 2 333 120 12 14 328 117 22 22
samples/negative_unlabelled/n13874073_6062.jpg 3 340 84 29 29 347 90 15 15 339 136 20 19
samples/negative_unlabelled/n13875392_11415.jpg 3 297 266 18 16 301 267 9 13 295 337 18 18
samples/negative_unlabelled/n13875392_12131.jpg 1 187 135 52 2
samples/negative_unlabelled/n13875392_1316.jpg 1 156 219 7 7
samples/negative_unlabelled/n13875392_15842.jpg 5 110 240 16 16 289 375 7 7 349 443 8 8 363 478 9 9 139 375 6 6
samples/negative_unlabelled/n13875392_16151.jpg 2 942 862 14 14 1140 866 11 11
samples/negative_unlabelled/n13875392_17941.jpg 1 197 180 8 8
samples/negative_unlabelled/n13875392_18669.jpg 1 129 64 123 132
samples/negative_unlabelled/n13875392_19541.jpg 2 437 67 10 10 282 58 12 12
samples/negative_unlabelled/n13875392_20158.jpg 1 383 415 15 10
samples/negative_unlabelled/n13875392_20362.jpg 12 63 88 10 10 19 209 9 9 98 210 7 7 76 163 8 8 71 194 8 8 299 45 13 13 67 243 8 8 26 138 9 9 29 192 8 8 87 234 7 7 168 103 10 10 275 25 13 13
samples/negative_unlabelled/n13875392_21606.jpg 2 212 209 185 145 308 319 8 12
samples/negative_unlabelled/n13875392_22070.jpg 1 169 61 49 46
samples/negative_unlabelled/n13875392_22474.jpg 2 241 33 13 14 228 32 13 13
samples/negative_unlabelled/n13875392_23491.jpg 2 363 484 8 8 202 64 6 6
samples/negative_unlabelled/n13875392_26001.jpg 4 57 46 21 21 60 13 17 17 51 5 34 34 29 47 11 11
samples/negative_unlabelled/n13875392_27123.jpg 9 51 284 6 6 54 302 12 12 23 336 13 9 142 414 10 13 110 94 11 9 62 325 12 12 382 339 10 13 272 474 11 14 28 4 5 5
samples/negative_unlabelled/n13875392_29711.jpg 1 367 239 28 17
samples/negative_unlabelled/n13875392_31556.jpg 1 124 190 212 210
samples/negative_unlabelled/n13875392_3423.jpg 1 381 249 25 24
samples/negative_unlabelled/n13875392_3508.jpg 2 137 145 71 71 133 140 80 80
samples/negative_unlabelled/n13875392_40219.jpg 1 163 196 81 50
samples/negative_unlabelled/n13875392_42223.jpg 1 207 121 11 11
samples/negative_unlabelled/n13875392_42875.jpg 1 4 -1 234 235
samples/negative_unlabelled/n13875392_43133.jpg 1 164 223 10 10
samples/negative_unlabelled/n13875392_46563.jpg 3 100 15 264 264 135 48 194 202 345 357 6 6
samples/negative_unlabelled/n13875392_5065.jpg 1 500 278 6 6
samples/negative_unlabelled/n13875392_51.jpg 1 10 735 17 17
samples/negative_unlabelled/n13875392_52033.jpg 1 423 191 8 15
samples/negative_unlabelled/n13875392_5275.jpg 4 312 237 9 13 265 193 11 11 117 111 11 8 177 410 9 11
samples/negative_unlabelled/n13875392_59786.jpg 9 147 236 12 12 325 315 7 7 364 314 6 6 361 198 8 8 340 164 6 6 287 137 6 6 219 446 7 7 115 268 11 11 143 226 9 9
samples/negative_unlabelled/n13875392_6021.jpg 5 463 124 9 9 481 8 12 12 403 2 11 8 328 2 11 11 428 60 9 9
samples/negative_unlabelled/n13875392_60585.jpg 2 296 444 7 9 295 432 13 7
samples/negative_unlabelled/n13875392_61619.jpg 1 220 92 77 77
samples/negative_unlabelled/n13875392_64563.jpg 3 364 67 30 37 255 250 30 31 381 75 9 7
samples/negative_unlabelled/n13875392_65044.jpg 2 176 118 24 17 173 110 30 33
samples/negative_unlabelled/n13875392_65436.jpg 2 161 159 11 11 196 111 4 4
samples/negative_unlabelled/n13875392_66044.jpg 1 287 205 10 11
samples/negative_unlabelled/n13875392_68585.jpg 25 362 204 9 9 332 200 8 8 334 254 8 7 373 212 6 6 353 195 8 7 325 264 8 8 380 223 9 6 249 138 7 7 317 272 8 8 337 228 7 7 366 255 6 6 242 58 9 11 263 141 6 6 352 184 5 5 274 165 6 6 322 160 8 5 230 155 8 6 296 247 8 8 282 205 9 9 254 114 6 6 275 219 6 6 236 93 9 8 212 117 9 9 147 362 14 13 194 99 6 6
samples/negative_unlabelled/n13875392_73176.jpg 4 101 199 16 18 354 419 7 6 62 311 18 19 80 250 10 7
samples/negative_unlabelled/n13875392_73756.jpg 8 214 242 11 11 71 368 12 16 68 395 11 16 66 381 11 16 186 245 10 11 90 75 10 10 34 123 10 10 74 91 9 9
samples/negative_unlabelled/n13875392_74119.jpg 2 91 151 144 157 120 233 7 7
samples/negative_unlabelled/n13875392_7858.jpg 1 76 25 11 12
samples/negative_unlabelled/n13875392_8182.jpg 3 274 84 60 60 227 85 25 25 311 163 24 24
samples/negative_unlabelled/n13875392_8709.jpg 1 349 34 13 13
samples/negative_unlabelled/n13875392_9375.jpg 1 14 18 6 6
samples/negative_unlabelled/n13875392_9717.jpg 4 257 321 6 6 273 322 6 6 279 302 7 7 203 311 5 5
samples/negative_unlabelled/n13875392_9939.jpg 2 167 469 11 8 268 460 8 11
samples/negative_unlabelled/n13902336_10206.jpg 1 164 159 90 138
samples/negative_unlabelled/n13902336_10503.jpg 1 186 112 331 283
samples/negative_unlabelled/n13902336_11169.jpg 1 116 23 202 295
samples/negative_unlabelled/n13902336_11595.jpg 1 208 136 13 11
samples/negative_unlabelled/n13902336_11917.jpg 1 205 348 11 11
samples/negative_unlabelled/n13902336_12074.jpg 1 188 107 14 10
samples/negative_unlabelled/n13902336_12451.jpg 4 233 213 22 22 276 205 22 20 238 217 11 11 265 276 10 10
samples/negative_unlabelled/n13902336_12812.jpg 2 60 129 57 57 64 132 50 48
samples/negative_unlabelled/n13902336_13014.jpg 1 144 213 138 136
samples/negative_unlabelled/n13902336_13214.jpg 2 30 102 165 165 105 176 17 17
samples/negative_unlabelled/n13902336_1510.jpg 15 58 36 197 204 160 179 16 16 103 159 12 16 96 100 5 5 85 142 5 5 199 130 16 16 130 111 44 47 159 158 6 6 168 78 16 14 187 161 16 16 136 76 13 15 177 134 6 6 107 96 14 14 168 108 7 7 193 98 15 16
samples/negative_unlabelled/n13902336_15629.jpg 5 132 68 250 239 251 182 20 21 242 176 37 29 278 204 6 6 157 60 196 247
samples/negative_unlabelled/n13902336_1607.jpg 2 355 3 69 69 30 211 5 5
samples/negative_unlabelled/n13902336_16497.jpg 2 195 195 36 34 74 0 341 339
samples/negative_unlabelled/n13902336_17864.jpg 3 342 176 101 101 345 69 84 94 238 169 90 83
samples/negative_unlabelled/n13902336_1809.jpg 17 167 169 60 60 199 144 7 7 220 155 16 16 239 189 8 8 213 243 8 8 232 81 31 31 267 119 32 32 188 63 30 30 100 93 29 19 144 65 24 30 281 224 33 33 73 132 29 19 72 225 20 27 91 272 29 19 61 61 270 278 31 37 313 331 109 118 154 167
samples/negative_unlabelled/n13902336_18376.jpg 3 350 197 56 55 97 202 54 51 31 165 24 25
samples/negative_unlabelled/n13902336_189.jpg 4 95 32 301 307 273 188 15 15 107 46 277 277 159 85 8 8
samples/negative_unlabelled/n13902336_1907.jpg 1 289 166 6 6
samples/negative_unlabelled/n13902336_19336.jpg 6 105 11 313 371 107 -13 309 419 123 31 275 328 211 200 10 14 297 192 13 10 261 222 18 17
samples/negative_unlabelled/n13902336_19611.jpg 4 32 241 175 193 17 278 202 120 66 330 75 38 80 328 35 37
samples/negative_unlabelled/n13902336_1983.jpg 1 254 79 8 9
samples/negative_unlabelled/n13902336_20066.jpg 8 208 168 47 44 163 246 47 45 238 242 50 51 272 178 17 18 334 252 19 17 188 211 17 19 219 179 26 26 220 223 86 86
samples/negative_unlabelled/n13902336_20511.jpg 11 115 44 257 257 242 133 12 12 270 157 12 12 254 188 14 14 93 49 7 7 68 57 7 7 50 72 8 8 84 65 8 8 43 39 8 8 19 13 7 7 390 14 7 7
samples/negative_unlabelled/n13902336_20829.jpg 1 141 88 196 196
samples/negative_unlabelled/n13902336_21088.jpg 8 217 217 63 63 378 414 20 8 453 305 11 11 255 201 8 8 210 273 8 8 193 243 18 18 229 283 16 16 277 264 17 17
samples/negative_unlabelled/n13902336_2121.jpg 2 183 210 66 70 301 173 16 14
samples/negative_unlabelled/n13902336_21492.jpg 2 186 107 20 17 191 110 10 12
samples/negative_unlabelled/n13902336_21623.jpg 1 18 238 217 226
samples/negative_unlabelled/n13902336_21861.jpg 1 416 226 8 11
samples/negative_unlabelled/n13902336_2204.jpg 1 135 72 415 431
samples/negative_unlabelled/n13902336_22496.jpg 2 285 117 9 10 289 101 10 10
samples/negative_unlabelled/n13902336_2275.jpg 8 92 73 311 311 230 254 14 14 180 110 11 11 211 207 15 15 278 235 13 13 259 189 14 14 312 114 11 11 233 210 35 35
samples/negative_unlabelled/n13902336_23297.jpg 2 327 48 15 6 310 87 13 14
samples/negative_unlabelled/n13902336_23595.jpg 1 41 1 10 8
samples/negative_unlabelled/n13902336_2400.jpg 8 277 130 16 16 236 221 16 16 289 189 17 17 188 181 19 19 270 124 27 27 348 197 8 8 323 216 7 7 238 260 7 7
samples/negative_unlabelled/n13902336_24841.jpg 5 182 126 6 6 164 60 7 7 148 48 6 6 153 7 9 10 40 222 17 28
samples/negative_unlabelled/n13902336_24970.jpg 1 292 145 28 28
samples/negative_unlabelled/n13902336_25139.jpg 1 173 157 159 135
samples/negative_unlabelled/n13902336_25450.jpg 1 224 151 7 7
samples/negative_unlabelled/n13902336_25690.jpg 2 443 113 10 9 371 225 60 60
samples/negative_unlabelled/n13902336_2592.jpg 4 134 211 5 5 131 209 10 10 141 136 13 13 76 48 148 143
samples/negative_unlabelled/n13902336_26162.jpg 3 181 173 31 30 235 130 23 23 279 175 27 27
samples/negative_unlabelled/n13902336_2635.jpg 5 459 -1 11 11 455 33 9 9 11 25 10 13 247 147 16 16 290 173 16 16
samples/negative_unlabelled/n13902336_26852.jpg 5 211 200 12 12 229 187 12 12 156 130 158 162 248 201 12 12 241 222 12 12
samples/negative_unlabelled/n13902336_27273.jpg 2 153 112 223 211 164 118 200 200
samples/negative_unlabelled/n13902336_27500.jpg 8 141 71 253 258 232 194 19 18 284 200 18 18 245 168 17 19 276 171 18 18 287 202 12 12 260 216 12 12 273 98 5 5
samples/negative_unlabelled/n13902336_28567.jpg 11 172 59 23 23 400 121 22 22 151 237 9 9 144 316 7 7 318 11 27 27 459 52 25 28 416 52 29 29 169 55 29 29 227 319 15 20 172 327 7 7 208 242 9 9
samples/negative_unlabelled/n13902336_28809.jpg 1 241 154 33 29
samples/negative_unlabelled/n13902336_29804.jpg 3 221 164 13 19 331 274 9 9 418 289 9 9
samples/negative_unlabelled/n13902336_29946.jpg 1 177 107 126 136
samples/negative_unlabelled/n13902336_30601.jpg 5 103 23 266 270 140 61 194 194 147 69 178 178 186 259 12 12 211 37 13 13
samples/negative_unlabelled/n13902336_31144.jpg 2 43 43 342 417 218 245 36 42
samples/negative_unlabelled/n13902336_3132.jpg 1 249 138 48 48
samples/negative_unlabelled/n13902336_31694.jpg 2 223 274 11 11 448 16 11 13
samples/negative_unlabelled/n13902336_3192.jpg 12 170 230 15 15 166 128 15 15 194 132 103 103 131 161 54 54 188 75 53 55 324 171 15 15 196 242 53 53 260 92 15 15 293 204 52 54 219 157 54 54 197 134 98 98 145 170 32 32
samples/negative_unlabelled/n13902336_32059.jpg 1 275 269 6 6
samples/negative_unlabelled/n13902336_32312.jpg 2 82 27 287 319 232 203 11 11
samples/negative_unlabelled/n13902336_32556.jpg 9 216 216 63 63 224 224 48 48 212 200 14 14 194 255 14 14 270 201 14 14 240 290 14 14 234 284 26 26 267 197 21 21 209 196 21 21
samples/negative_unlabelled/n13902336_32812.jpg 1 234 128 7 7
samples/negative_unlabelled/n13902336_33160.jpg 6 347 161 39 39 114 160 40 40 320 133 90 90 90 133 90 90 194 188 111 141 196 198 108 127
samples/negative_unlabelled/n13902336_34527.jpg 2 105 14 311 311 97 3 331 332
samples/negative_unlabelled/n13902336_34737.jpg 2 252 217 22 22 222 196 22 22
samples/negative_unlabelled/n13902336_34896.jpg 7 179 277 154 154 246 366 12 11 200 189 7 7 180 127 6 6 232 346 11 11 253 331 11 11 204 227 4 4
samples/negative_unlabelled/n13902336_34994.jpg 1 34 94 19 17
samples/negative_unlabelled/n13902336_3515.jpg 1 143 388 9 19
samples/negative_unlabelled/n13902336_35384.jpg 6 243 109 279 278 401 251 23 23 367 271 23 23 354 208 23 23 338 244 23 23 363 230 39 39
samples/negative_unlabelled/n13902336_35550.jpg 3 90 231 63 63 246 481 10 10 77 286 24 24
samples/negative_unlabelled/n13902336_36095.jpg 3 208 123 80 80 316 150 7 7 145 65 207 205
samples/negative_unlabelled/n13902336_37875.jpg 7 272 143 7 7 296 180 5 5 222 135 8 8 257 177 6 6 208 125 7 9 249 174 5 5 5 36 9 9
samples/negative_unlabelled/n13902336_38368.jpg 3 160 340 14 14 142 318 15 15 178 298 10 16
samples/negative_unlabelled/n13902336_41608.jpg 2 331 127 12 12 408 343 7 11
samples/negative_unlabelled/n13902336_4388.jpg 16 291 144 5 13 6 241 12 12 141 199 5 12 194 147 10 13 44 202 11 12 26 240 6 13 175 186 9 11 258 172 8 13 108 227 8 13 199 235 6 13 62 200 8 14 246 230 13 7 97 284 12 8 255 367 11 11 252 365 17 17 274 368 11 11
samples/negative_unlabelled/n13902336_4763.jpg 7 403 299 11 8 98 337 10 10 182 401 10 10 208 408 10 10 292 420 11 11 234 427 10 10 185 56 7 7
samples/negative_unlabelled/n13902336_4992.jpg 1 136 138 22 27
samples/negative_unlabelled/n13902336_5123.jpg 1 140 121 206 224
samples/negative_unlabelled/n13902336_5337.jpg 1 335 102 25 22
samples/negative_unlabelled/n13902336_5660.jpg 5 267 197 12 12 301 194 9 9 156 48 34 21 241 213 9 9 172 118 229 232
samples/negative_unlabelled/n13902336_5926.jpg 3 147 185 10 15 127 210 12 13 145 222 14 9
samples/negative_unlabelled/n13902336_6113.jpg 8 729 534 122 122 348 161 879 871 840 494 64 59 625 426 332 332 619 422 342 341 702 494 48 48 393 200 791 792 512 341 6 6
samples/negative_unlabelled/n13902336_6337.jpg 5 19 24 455 444 286 220 15 15 270 276 15 15 253 423 9 9 213 279 15 15
samples/negative_unlabelled/n13902336_6860.jpg 5 207 174 25 25 203 116 25 24 267 171 25 25 118 24 258 254 272 182 10 10
samples/negative_unlabelled/n13902336_7264.jpg 14 379 201 49 55 430 182 35 32 376 254 30 34 365 165 36 31 435 237 31 35 191 124 14 14 234 65 14 14 264 41 15 15 381 204 44 51 381 5 16 16 209 92 14 14 424 5 17 17 468 14 17 17 123 148 15 18
samples/negative_unlabelled/n13902336_7385.jpg 1 419 193 31 52
samples/negative_unlabelled/n13902336_7455.jpg 3 119 29 162 268 207 121 9 9 400 58 15 15
samples/negative_unlabelled/n13902336_7700.jpg 2 332 214 14 14 347 208 8 8
samples/negative_unlabelled/n13902336_7997.jpg 1 212 107 13 13
samples/negative_unlabelled/n13902336_8386.jpg 6 270 216 32 32 174 343 16 16 303 265 15 13 281 302 27 36 207 348 37 30 239 279 11 11
samples/negative_unlabelled/n13902336_8763.jpg 3 221 175 52 52 282 191 13 13 243 235 14 14
samples/negative_unlabelled/n13902336_89.jpg 1 232 157 29 27
samples/negative_unlabelled/n13902336_9331.jpg 1 111 198 45 51
samples/negative_unlabelled/n13902336_9487.jpg 2 60 259 52 52 363 62 25 19
samples/negative_unlabelled/n13902336_9744.jpg 5 247 7 62 62 375 136 17 20 250 304 42 49 433 157 37 37 411 249 12 15
samples/negative_unlabelled/n13902336_9878.jpg 1 6 251 5 9
samples/negative_unlabelled/n02675077_1069.jpg 7 131 128 236 234 139 228 75 75 293 219 20 20 295 223 16 12 270 363 6 6 142 231 71 71 243 233 23 23
samples/negative_unlabelled/n02675077_1229.jpg 1 602 249 129 126
samples/negative_unlabelled/n02675077_1445.jpg 11 212 177 29 31 89 247 13 13 148 334 7 7 92 250 8 8 153 273 14 14 227 249 8 8 264 261 8 8 156 276 8 8 287 60 7 7 261 258 14 14 166 346 8 9
samples/negative_unlabelled/n02675077_1817.jpg 9 135 94 131 131 353 175 24 24 378 212 19 19 321 141 19 19 73 167 9 9 408 72 11 13 209 360 13 14 259 235 38 38 218 61 9 13
samples/negative_unlabelled/n02675077_1923.jpg 2 251 149 31 29 283 242 9 10
samples/negative_unlabelled/n02675077_2036.jpg 3 187 173 29 29 314 114 25 28 111 303 14 13
samples/negative_unlabelled/n02675077_2304.jpg 2 4 12 213 211 103 109 16 16
samples/negative_unlabelled/n02675077_2462.jpg 3 40 41 33 33 35 36 43 43 -1 1 114 114
samples/negative_unlabelled/n02675077_2592.jpg 1 -1 131 15 12
samples/negative_unlabelled/n02675077_2749.jpg 2 279 300 7 7 337 212 11 11
samples/negative_unlabelled/n02675077_2928.jpg 1 134 106 82 82
samples/negative_unlabelled/n02675077_3025.jpg 4 241 198 74 43 254 139 12 6 46 58 11 11 136 89 11 11
samples/negative_unlabelled/n02675077_3137.jpg 3 413 392 8 8 336 326 32 32 391 391 9 9
samples/negative_unlabelled/n02675077_3498.jpg 2 74 55 14 14 123 62 10 10
samples/negative_unlabelled/n02675077_3628.jpg 3 121 119 24 24 168 75 10 10 165 73 15 15
samples/negative_unlabelled/n02675077_3736.jpg 5 1 11 509 509 241 255 24 20 242 458 7 7 327 389 14 14 153 390 14 14
samples/negative_unlabelled/n02675077_4284.jpg 2 244 11 179 178 27 11 179 180
samples/negative_unlabelled/n02675077_4347.jpg 1 194 187 20 17
samples/negative_unlabelled/n02675077_4449.jpg 1 13 11 23 23
samples/negative_unlabelled/n02675077_459.jpg 1 80 78 20 20
samples/negative_unlabelled/n02675077_537.jpg 3 157 190 11 11 0 0 316 316 141 140 36 36
samples/negative_unlabelled/n02675077_722.jpg 1 167 196 20 20
samples/negative_unlabelled/n02675077_877.jpg 8 358 11 207 211 531 101 19 19 5 10 215 208 100 98 24 25 450 99 24 26 181 101 19 19 453 102 19 21 102 101 20 20
samples/negative_unlabelled/n02890188_1212.jpg 7 186 83 6 6 210 202 24 17 177 88 6 6 169 85 6 6 176 78 6 6 247 203 24 16 153 136 6 6
samples/negative_unlabelled/n02890188_1085.jpg.pgm 3 824 367 20 20 652 361 18 21 1270 69 18 13
samples/negative_unlabelled/n02890188_1272.jpg.pgm 1 193 321 41 27
samples/negative_unlabelled/n13007034_4410.jpg 1 173 416 11 13
samples/negative_unlabelled/n13007034_4547.jpg 2 555 273 7 7 632 161 7 7
samples/negative_unlabelled/n13007034_4812.jpg 3 84 202 13 13 436 93 9 9 365 172 8 8
samples/negative_unlabelled/n13007034_5374.jpg 1 353 371 11 12
samples/negative_unlabelled/n13007034_5629.jpg 1 398 12 67 13
samples/negative_unlabelled/n13007034_6295.jpg 2 117 349 9 9 137 269 36 22
samples/negative_unlabelled/n13007034_6434.jpg 1 76 52 45 49
samples/negative_unlabelled/n13007034_7136.jpg 1 432 329 7 7
samples/negative_unlabelled/n13007034_7854.jpg 2 331 117 19 13 17 118 34 13
samples/negative_unlabelled/n13007034_7960.jpg 1 569 32 8 5
samples/negative_unlabelled/n13007034_8271.jpg 1 381 80 8 8
samples/negative_unlabelled/n13873502_16621.jpg 3 439 251 11 14 615 109 7 7 484 206 7 7
samples/negative_unlabelled/n13873502_17381.jpg 8 88 85 171 171 254 89 9 9 22 110 9 9 18 106 16 16 129 13 9 9 321 185 16 16 165 159 24 26 325 188 9 9
samples/negative_unlabelled/n13873502_1858.jpg 4 118 270 7 7 129 273 7 7 61 287 7 7 109 140 8 8
samples/negative_unlabelled/n13873502_18970.jpg 5 438 174 33 33 414 345 14 14 473 152 35 39 393 239 40 40 657 178 30 30
samples/negative_unlabelled/n13873502_19262.jpg 1 241 19 196 196
samples/negative_unlabelled/n13873502_19410.jpg 4 258 258 225 225 354 56 32 32 147 357 34 34 16 464 6 12
samples/negative_unlabelled/n13873502_19837.jpg 1 214 154 107 107
samples/negative_unlabelled/n13873502_20162.jpg 21 280 449 12 12 319 313 8 7 339 213 7 7 242 243 14 14 190 165 7 7 270 152 7 6 345 249 7 7 145 247 7 7 161 304 7 7 147 227 7 7 473 275 10 8 258 475 7 11 343 284 8 8 273 105 14 14 101 209 14 12 99 270 14 14 108 299 13 13 317 122 14 14 340 345 14 13 221 387 13 13 360 164 14 14
samples/negative_unlabelled/n13873502_2041.jpg 273 101 139 8 8 126 224 10 10 407 82 8 8 72 389 8 8 113 108 8 8 287 302 9 9 68 399 6 6 83 412 7 7 367 203 8 8 271 309 6 6 373 53 6 6 137 263 8 8 239 403 7 7 99 94 7 7 123 188 7 7 243 304 6 6 73 140 7 7 141 249 7 7 369 424 10 10 282 420 6 6 298 286 7 7 126 238 7 7 170 281 6 6 134 206 6 6 432 144 9 9 134 178 9 9 402 156 7 7 251 417 8 8 377 417 7 7 363 158 7 7 398 381 7 7 344 150 8 8 95 388 6 6 424 179 8 8 148 295 6 6 357 207 6 6 100 253 7 7 170 198 7 7 61 383 9 9 394 151 5 5 392 188 8 8 167 206 8 8 299 314 6 6 150 51 8 8 360 90 7 7 425 94 5 5 219 282 7 7 62 181 9 9 244 296 6 6 208 326 7 7 291 314 5 5 333 447 7 7 404 218 6 6 136 240 6 6 405 249 8 8 347 36 8 8 411 155 7 7 368 383 8 8 381 111 6 6 53 144 6 6 340 183 7 7 182 237 9 9 147 180 7 7 455 347 7 7 348 388 7 7 468 306 9 9 207 337 8 8 328 414 5 5 94 186 8 8 342 225 6 6 100 243 8 8 132 73 6 6 343 209 6 6 49 367 6 6 320 393 6 6 343 449 6 6 126 108 6 6 395 221 7 7 397 68 5 5 232 305 7 7 261 413 6 6 233 448 6 6 215 161 8 8 279 308 5 5 403 357 9 9 147 80 6 6 149 135 5 5 160 224 5 5 110 382 6 6 212 416 5 5 115 73 5 5 181 194 6 6 367 444 7 7 159 461 6 6 440 217 8 8 188 429 5 5 391 108 8 8 75 212 7 7 167 317 6 6 315 329 7 7 352 454 6 6 101 83 5 5 180 85 7 7 211 15 6 6 42 227 7 7 210 282 6 6 294 20 7 7 185 61 6 6 336 265 6 6 325 332 6 6 325 26 6 6 314 46 8 8 312 341 5 5 216 352 6 6 137 441 6 6 184 76 8 8 234 53 8 8 293 68 7 7 337 198 5 5 338 459 6 6 203 30 7 7 188 160 6 6 136 83 5 5 280 130 7 7 170 189 6 6 344 378 5 5 240 416 5 5 382 434 6 6 237 167 8 8 369 213 5 5 50 317 6 6 321 409 5 5 270 219 6 6 52 240 5 5 12 259 6 6 15 289 6 6 96 331 6 6 423 336 6 6 134 357 6 6 276 372 6 6 284 149 7 7 403 179 6 6 207 309 5 5 192 379 7 7 213 475 8 8 83 288 7 7 293 280 5 5 200 446 5 5 197 146 6 6 249 194 5 5 262 246 8 8 89 322 8 8 356 339 6 6 301 45 5 5 216 99 6 6 218 138 6 6 375 300 6 6 264 18 5 5 354 115 5 5 281 140 6 6 445 184 5 5 315 382 6 6 170 441 5 5 123 446 5 5 328 459 6 6 95 218 5 5 48 248 6 6 85 260 7 7 270 387 6 6 252 104 6 6 171 175 6 6 117 281 5 5 133 399 6 6 440 283 5 5 249 180 5 5 268 287 5 5 308 474 5 5 269 33 6 6 298 38 5 5 243 254 6 6 360 324 5 5 407 368 5 5 437 113 5 5 296 155 5 5 466 206 5 5 300 246 5 5 477 260 6 6 431 346 5 5 368 99 5 5 359 184 5 5 317 319 5 5 54 206 5 5 335 216 5 5 443 250 5 5 211 347 5 5 228 479 5 5 22 206 7 7 200 222 5 5 270 253 5 5 260 385 5 5 403 193 5 5 474 239 4 4 300 393 6 6 435 180 5 5 362 214 4 4 391 314 5 5 362 426 5 5 129 441 5 5 242 184 7 7 69 286 5 5 399 246 5 5 86 299 5 5 382 329 5 5 96 235 5 5 129 450 5 5 185 21 4 4 236 74 5 5 430 114 5 5 429 243 5 5 479 277 5 5 59 105 5 5 468 262 4 4 191 84 5 5 440 274 4 4 195 397 5 5 170 62 4 4 20 183 5 5 126 181 5 5 11 249 5 5 405 333 5 5 167 349 5 5 302 419 4 4 203 475 5 5 288 159 5 5 51 341 5 5 303 19 4 4 222 80 6 6 443 374 5 5 351 182 5 5 171 219 5 5 40 362 5 5 109 437 5 5 189 70 5 5 379 245 5 5 50 295 4 4 354 143 5 5 464 335 4 4 417 396 4 4 480 250 5 5 273 81 4 4 177 290 6 6 317 460 4 4 332 186 4 4 274 90 4 4 178 319 4 4 334 29 4 4 145 423 4 4 132 146 4 4 213 59 4 4 128 44 4 4 320 65 4 4 402 424 4 4 162 56 4 4 224 323 4 4 229 191 4 4 43 290 4 4 69 336 4 4 334 361 4 4 386 219 4 4 287 15 4 4 431 314 4 4 377 442 4 4 241 423 4 4
samples/negative_unlabelled/n13873502_20575.jpg 2 250 232 6 6 364 6 9 11
samples/negative_unlabelled/n13873502_20916.jpg 28 292 239 10 7 330 163 6 6 74 88 7 7 74 111 7 7 73 269 7 7 73 314 7 7 111 44 7 7 324 24 6 6 109 337 7 7 93 53 7 7 75 66 6 6 93 75 6 6 128 346 6 6 74 336 7 7 377 34 6 6 380 323 7 7 290 338 7 7 326 337 7 7 77 24 6 6 393 26 6 6 73 292 7 7 147 23 6 6 289 23 6 6 127 324 7 7 76 45 6 6 362 314 7 7 344 346 7 7 345 324 7 7
samples/negative_unlabelled/n13873502_23839.jpg 19 44 199 73 72 162 65 46 46 225 43 6 6 452 214 6 6 338 121 10 10 85 171 6 6 319 121 10 10 91 165 6 6 73 159 6 6 49 204 63 63 235 42 7 7 319 101 10 10 91 153 6 6 309 91 10 10 299 101 10 10 446 125 5 5 442 48 11 11 453 125 11 11 464 92 11 11
samples/negative_unlabelled/n13873502_25058.jpg 2 10 11 554 563 385 427 8 8
samples/negative_unlabelled/n13873502_25827.jpg 6 63 91 6 6 75 100 8 7 83 89 10 8 111 113 5 5 108 40 5 5 117 151 6 6
samples/negative_unlabelled/n13873502_2997.jpg 1 242 183 9 9
samples/negative_unlabelled/n13873502_3219.jpg 1 68 223 13 13
samples/negative_unlabelled/n13873502_3372.jpg 3 187 311 47 47 254 299 29 29 224 242 15 32
samples/negative_unlabelled/n13873502_3612.jpg 2 187 24 18 16 189 26 13 12
samples/negative_unlabelled/n13873502_3798.jpg 1 158 124 173 173
samples/negative_unlabelled/n13873502_8030.jpg 1 11 5 371 371
samples/negative_unlabelled/n13873502_8202.jpg 1 212 165 79 80
samples/negative_unlabelled/n13873502_8550.jpg 6 637 658 25 25 562 256 15 15 645 692 13 13 623 590 32 32 1084 942 15 20 1211 949 6 6
samples/negative_unlabelled/n13873502_9058.jpg 1 234 146 43 43
samples/negative_unlabelled/n13873502_9235.jpg 1 105 99 290 290
samples/negative_unlabelled/n13873502_9767.jpg 4 254 277 16 16 191 224 12 12 108 214 18 13 339 111 13 13
samples/negative_unlabelled/n13873502_9830.jpg 2 164 284 53 60 46 258 72 101
samples/negative_unlabelled/n13873917_10635.jpg 6 493 77 11 11 336 360 67 67 338 363 62 62 379 707 12 12 357 303 18 18 442 382 18 18
samples/negative_unlabelled/n13873917_10926.jpg 1 121 -27 295 316
samples/negative_unlabelled/n13873917_12162.jpg 1 209 138 116 116
samples/negative_unlabelled/n13873917_24160.jpg 2 31 221 249 245 163 320 7 7
samples/negative_unlabelled/n13873917_24653.jpg 1 319 183 6 6
samples/negative_unlabelled/n13873917_24870.jpg 2 195 89 53 49 80 30 237 240
samples/negative_unlabelled/n13873917_25069.jpg 1 472 320 9 10
samples/negative_unlabelled/n13873917_25344.jpg 1 98 110 5 5
samples/negative_unlabelled/n13873917_26035.jpg 1 128 128 42 42
samples/negative_unlabelled/n13873917_510.jpg 3 5 263 12 12 153 70 201 202 3 127 12 14
samples/negative_unlabelled/n13873917_5449.jpg 1 38 300 14 14
samples/negative_unlabelled/n13873917_611.jpg 4 209 171 83 83 65 173 92 92 128 47 108 108 334 163 108 107
samples/negative_unlabelled/n13873917_6506.jpg 1 14 17 466 466
samples/negative_unlabelled/n13873917_7095.jpg 2 73 478 7 7 30 30 436 433
samples/negative_unlabelled/n13873917_7635.jpg 1 327 172 18 18
samples/negative_unlabelled/n13874073_14585.jpg 1 62 25 11 14
samples/negative_unlabelled/n13874073_6990.jpg 3 376 112 8 8 310 246 5 5 284 77 5 5
samples/negative_unlabelled/n13874073_9496.jpg 1 64 79 18 18
samples/negative_unlabelled/n13875392_21461.jpg 3 254 191 42 33 284 217 6 6 7 31 11 11
samples/negative_unlabelled/n13875392_2199.jpg 1 57 161 12 14
samples/negative_unlabelled/n13875392_2458.jpg 10 1129 807 13 13 1290 608 32 34 895 898 32 34 707 567 34 31 1042 283 12 14 257 241 10 10 782 658 33 33 775 898 34 34 1230 497 33 33 1387 674 35 26
samples/negative_unlabelled/n13875392_26834.jpg 1 1 2 38 38
samples/negative_unlabelled/n13902336_6775.jpg 1 190 115 78 78
samples/negative_unlabelled/n13902336_7062.jpg 1 210 205 85 53
samples/negative_unlabelled/n13902336_7249.jpg 2 74 20 376 353 242 220 11 8
samples/negative_unlabelled/n13902336_7373.jpg 8 222 209 33 33 293 123 31 30 310 215 10 12 228 217 21 21 303 201 31 31 232 224 10 13 215 132 31 31 244 156 54 56
samples/negative_unlabelled/n13902336_7422.jpg 4 43 10 361 361 249 131 35 35 164 210 37 37 167 127 37 37
samples/negative_unlabelled/n13902336_7693.jpg 2 194 179 25 22 233 175 8 8
samples/negative_unlabelled/n13902336_8327.jpg 3 146 152 88 111 330 90 8 8 195 205 10 9
samples/negative_unlabelled/n13902336_8884.jpg 3 389 196 47 50 84 192 55 55 89 195 48 48
samples/negative_unlabelled/n13902336_9046.jpg 2 23 188 57 57 335 198 65 64
samples/negative_unlabelled/n13902336_9231.jpg 1 268 185 13 13
samples/negative_unlabelled/n13902336_9484.jpg 5 168 247 17 18 195 333 16 16 121 229 138 137 136 291 18 18 169 333 15 17
samples/negative_unlabelled/n13902336_9873.jpg 5 203 162 38 38 51 12 338 342 195 150 7 7 240 146 7 7 123 185 34 34
samples/negative_unlabelled/n13902336_9956.jpg 1 138 287 24 20
samples/negative_unlabelled/n13873502_6938.jpg 1 341 21 91 73
samples/negative_unlabelled/n13873502_7292.jpg 3 157 3 93 125 251 143 105 53 294 67 128 70
samples/negative_unlabelled/n13873502_7562.jpg 1 159 28 7 7
samples/negative_unlabelled/n13874073_18022.jpg 4 309 15 12 12 383 15 12 12 96 15 12 12 26 15 12 12
samples/negative_unlabelled/n13874073_20173.jpg 4 91 93 5 5 1 92 5 5 75 92 5 5 43 49 9 9
samples/negative_unlabelled/n13874073_2258.jpg 1 58 2 50 72
samples/negative_unlabelled/n13874073_3722.jpg 2 381 152 15 6 296 483 6 6
samples/negative_unlabelled/n13875392_43653.jpg 2 222 225 8 8 212 121 6 6
