samples/positive/n02839351_8601.jpg 1 42 292 40 25
samples/positive/n02839351_5912.jpg 1 73 284 47 48
samples/positive/n02839351_3900.jpg 3 209 100 57 58 94 103 56 57 151 100 56 62
samples/positive/n02839351_8300.jpg 1 192 139 130 133
samples/positive/n02839351_5610.jpg 3 80 255 35 36 212 205 19 21 10 216 28 31
samples/positive/n02839351_7106.jpg 2 171 266 31 32 161 400 135 98
samples/positive/n02839351_7382.jpg 5 136 322 70 68 155 270 39 38 70 292 51 55 12 302 65 63 57 269 39 34
samples/positive/n02839351_3095.jpg 4 138 140 10 10 174 117 9 10 123 113 10 10 195 95 13 9
samples/positive/n02839351_4424.jpg 2 61 125 144 140 208 25 282 293
samples/positive/n02839351_3530.jpg 3 53 340 94 97 103 169 59 53 15 142 42 24
samples/positive/n02839351_1944.jpg 4 0 2 159 196 256 42 115 130 357 0 142 330 230 67 40 80
samples/positive/n02839351_7585.jpg 1 14 10 268 268
samples/positive/n02839351_1802.jpg 1 174 151 145 144
samples/positive/n02839351_7224.jpg 3 107 98 148 148 272 125 197 195 293 68 101 87
samples/positive/n02839351_3511.jpg 3 216 410 43 42 260 391 36 40 158 425 49 48
samples/positive/n02839351_4101.jpg 1 45 96 219 218
samples/positive/n02839351_2067.jpg 3 125 297 46 44 213 300 45 46 252 338 70 65
samples/positive/n02839351_3255.jpg 1 246 398 53 52
samples/positive/n02839351_316.jpg 1 345 128 70 75
samples/positive/n02839351_373.jpg 1 87 140 195 189
samples/positive/n02839351_4435.jpg 2 222 127 49 53 185 123 42 51
samples/positive/n02839351_3792.jpg 1 268 279 54 53
samples/positive/n02839351_7307.jpg 3 68 143 156 153 295 144 157 171 180 75 136 136
samples/positive/n02839351_7319.jpg 5 63 416 39 37 135 406 35 37 11 431 39 29 91 409 36 37 280 444 40 17
samples/positive/n02839351_2063.jpg 1 458 166 30 34
samples/positive/n02839351_8125.jpg 1 173 93 145 154
samples/positive/n02839351_3777.jpg 2 202 29 258 265 0 7 201 289
samples/positive/n02839351_3978.jpg 2 170 284 75 50 203 267 49 38
samples/positive/n02839351_8622.jpg 1 128 255 23 25
samples/positive/n02839351_2583.jpg 3 245 97 37 35 46 105 36 23 332 113 36 18
samples/positive/n02839351_5487.jpg 1 315 185 23 25
samples/positive/n02839351_3125.jpg 1 198 103 113 120
samples/positive/n02839351_7702.jpg 1 62 454 31 32
samples/positive/n02839351_9214.jpg 1 99 1 220 226
samples/positive/n02839351_3708.jpg 1 30 78 166 159
samples/positive/n02839351_3794.jpg 3 0 155 190 205 94 1 172 146 145 52 172 128
samples/positive/n02839351_7586.jpg 1 0 27 499 347
samples/positive/n02839351_4489.jpg 1 103 265 146 151
samples/positive/n02839351_5797.jpg 3 220 399 31 33 242 390 34 35 273 490 33 8
samples/positive/n02839351_7718.jpg 1 134 92 209 210
samples/positive/n02839351_4373.jpg 1 175 0 294 292
samples/positive/n02839351_8275.jpg 3 415 284 25 25 461 281 26 27 444 282 21 22
samples/positive/n02839351_6972.jpg 2 173 127 70 70 141 258 83 74
samples/positive/n02839351_4174.jpg 1 54 45 194 197
samples/positive/n02839351_1035.jpg 1 54 273 36 36
