samples/positive/n04409515_5848.jpg 1 123 177 175 173
samples/positive/n04409515_1557.jpg 3 121 173 131 124 246 117 127 124 337 69 123 125
samples/positive/n04409515_2442.jpg 1 190 160 36 38
samples/positive/n04409515_9971.jpg 1 114 51 249 247
samples/positive/n04409515_488.jpg 1 222 56 199 200
samples/positive/n04409515_7711.jpg 1 164 50 277 274
samples/positive/n04409515_2298.jpg 1 241 107 40 89
samples/positive/n04409515_11423.jpg 1 191 226 80 78
samples/positive/n04409515_8856.jpg 1 198 131 73 74
samples/positive/n04409515_11034.jpg 1 1 1 497 497
samples/positive/n04409515_1794.jpg 1 190 235 127 99
samples/positive/n04409515_1169.jpg 1 230 451 43 41
samples/positive/n04409515_2052.jpg 1 119 162 27 28
samples/positive/n04409515_5609.jpg 1 179 45 192 190
samples/positive/n04409515_2730.jpg 1 192 266 126 108
samples/positive/n04409515_22288.jpg 1 211 132 83 82
samples/positive/n04409515_1647.jpg 1 159 7 340 340
samples/positive/n04409515_21408.jpg 1 46 105 246 246
samples/positive/n04409515_3770.jpg 1 80 397 76 79
samples/positive/n04409515_20291.jpg 1 193 34 173 174
samples/positive/n04409515_2103.jpg 1 52 58 219 212
samples/positive/n04409515_6112.jpg 1 181 109 91 93
samples/positive/n04409515_408.jpg 1 88 423 63 69
samples/positive/n04409515_380.jpg 1 214 20 228 224
samples/positive/n04409515_5866.jpg 1 102 202 74 72
samples/positive/n04409515_18972.jpg 1 63 46 175 174
samples/positive/n04409515_2265.jpg 1 28 147 152 132
samples/positive/n04409515_11818.jpg 1 257 237 50 47
samples/positive/n04409515_13007.jpg 1 140 183 183 164
samples/positive/n04409515_1883.jpg 1 272 189 46 51
samples/positive/n04409515_2169.jpg 1 125 348 99 97
samples/positive/n04409515_5459.jpg 1 223 155 118 103
samples/positive/n04409515_9506.jpg 1 216 123 97 95
samples/positive/n04409515_2719.jpg 1 2 96 107 138
samples/positive/n04409515_2233.jpg 1 57 368 25 24
samples/positive/n04409515_3468.jpg 1 72 238 86 75
samples/positive/n04409515_1835.jpg 1 47 216 93 92
samples/positive/n04409515_17747.jpg 1 143 141 216 227
samples/positive/n04409515_5843.jpg 1 200 240 50 44
samples/positive/n04409515_4400.jpg 1 99 130 72 63
samples/positive/n04409515_10519.jpg 1 251 60 248 249
samples/positive/n04409515_2641.jpg 2 117 151 142 137 284 126 60 63
samples/positive/n04409515_2667.jpg 1 214 113 48 42
samples/positive/n04409515_10015.jpg 1 320 193 21 21
samples/positive/n04409515_16748.jpg 1 140 238 63 64
samples/positive/n04409515_1334.jpg 1 272 91 199 198
samples/positive/n04409515_17709.jpg 1 161 185 307 308
samples/positive/n04409515_2006.jpg 1 32 93 340 360
samples/positive/n04409515_614.jpg 1 217 169 62 39
samples/positive/n04409515_6192.jpg 1 130 24 102 102
samples/positive/n04409515_737.jpg 1 147 74 185 151
samples/positive/n04409515_2781.jpg 1 251 229 11 11
samples/positive/n04409515_21756.jpg 1 304 250 19 20
samples/positive/n04409515_988.jpg 1 189 131 53 46
samples/positive/n04409515_1561.jpg 1 285 114 19 19
samples/positive/n04409515_2398.jpg 1 214 177 9 9
samples/positive/n04409515_9917.jpg 1 127 286 110 115
samples/positive/n04409515_10592.jpg 1 176 101 128 128
samples/positive/n04409515_1808.jpg 1 107 127 113 128
samples/positive/n04409515_22067.jpg 1 296 109 136 133
samples/positive/n04409515_2365.jpg 1 127 244 120 117
samples/positive/n04409515_10853.jpg 1 27 187 149 148
samples/positive/n04409515_4861.jpg 1 165 107 44 45
samples/positive/n04409515_3923.jpg 1 106 33 142 145
samples/positive/n04409515_4933.jpg 2 191 145 60 61 60 17 55 58
samples/positive/n04409515_19454.jpg 4 167 107 56 59 50 431 38 37 193 358 28 29 373 363 30 30
samples/positive/n04409515_19515.jpg 1 28 77 32 29
samples/positive/n04409515_2718.jpg 1 5 2 493 495
samples/positive/n04409515_5682.jpg 1 0 91 149 137
samples/positive/n04409515_6750.jpg 1 80 96 228 224
samples/positive/n04409515_8518.jpg 1 258 56 236 237
samples/positive/n04409515_13735.jpg 1 60 87 213 210
samples/positive/n04409515_3318.jpg 1 147 32 305 306
samples/positive/n04409515_19549.jpg 1 371 169 120 119
samples/positive/n04409515_563.jpg 1 156 278 110 78
samples/positive/n04409515_2036.jpg 1 268 368 68 54
samples/positive/n04409515_2083.jpg 1 233 275 88 50
samples/positive/n04409515_11220.jpg 1 218 139 96 88
samples/positive/n04409515_19757.jpg 1 296 243 47 48
samples/positive/n04409515_5112.jpg 1 58 70 363 362
samples/positive/n04409515_6209.jpg 1 192 262 19 13
samples/positive/n04409515_2793.jpg 1 95 319 141 133
samples/positive/n04409515_5030.jpg 1 41 137 206 190
samples/positive/n04409515_19036.jpg 1 46 217 126 129
samples/positive/n04409515_5951.jpg 1 252 67 150 93
samples/positive/n04409515_2898.jpg 1 32 147 19 17
samples/positive/n04409515_2684.jpg 1 236 130 45 28
samples/positive/n04409515_20264.jpg 1 165 355 54 42
samples/positive/n04409515_10788.jpg 1 111 58 233 222
samples/positive/n04409515_7895.jpg 1 184 106 139 138
samples/positive/n04409515_1975.jpg 1 196 113 111 108
samples/positive/n04409515_6262.jpg 1 198 111 87 85
samples/positive/n04409515_4035.jpg 1 133 138 51 49
samples/positive/n04409515_4483.jpg 1 271 51 135 86
samples/positive/n04409515_11136.jpg 1 3 1 493 495
samples/positive/n04409515_2637.jpg 1 171 119 28 24
samples/positive/n04409515_15168.jpg 1 30 33 38 36
samples/positive/n04409515_1862.jpg 1 94 169 129 130
samples/positive/n04409515_19845.jpg 1 373 281 120 92
samples/positive/n04409515_4570.jpg 1 20 25 294 290
samples/positive/n04409515_2397.jpg 1 281 385 51 30
samples/positive/n04409515_1297.jpg 1 276 157 48 34
samples/positive/n04409515_5200.jpg 1 186 177 102 82
samples/positive/n04409515_2608.jpg 1 304 106 24 21
samples/positive/n04409515_1965.jpg 2 238 188 125 87 346 104 79 63
samples/positive/n04409515_9967.jpg 1 263 98 223 219
samples/positive/n04409515_18913.jpg 2 251 64 197 193 50 0 83 74
samples/positive/n04409515_22172.jpg 2 362 249 70 66 38 9 303 306
samples/positive/n04409515_5244.jpg 1 36 12 190 195
samples/positive/n04409515_18867.jpg 1 110 159 138 127
samples/positive/n04409515_21120.jpg 1 160 275 52 57
samples/positive/n04409515_6100.jpg 1 317 155 44 45
samples/positive/n04409515_9474.jpg 2 273 119 39 39 234 124 37 34
samples/positive/n04409515_4468.jpg 1 56 57 143 145
samples/positive/n04409515_2588.jpg 2 383 50 16 14 320 333 14 15
samples/positive/n04409515_8048.jpg 1 152 117 135 137
samples/positive/n04409515_3253.jpg 1 79 55 202 204
samples/positive/n04409515_1208.jpg 1 275 84 134 126
samples/positive/n04409515_9593.jpg 1 40 46 227 225
samples/positive/n04409515_252.jpg 1 15 0 436 376
samples/positive/n04409515_10858.jpg 1 150 80 161 136
samples/positive/n04409515_3798.jpg 1 128 117 134 133
samples/positive/n04409515_3079.jpg 1 21 20 328 274
samples/positive/n04409515_1209.jpg 1 197 75 155 156
samples/positive/n04409515_2022.jpg 1 153 147 30 27
samples/positive/n04409515_19135.jpg 1 95 165 24 27
samples/positive/n04409515_1060.jpg 1 216 132 60 60
samples/positive/n04409515_10723.jpg 1 188 93 129 129
samples/positive/n04409515_7944.jpg 1 34 8 199 205
samples/positive/n04409515_20815.jpg 1 61 99 147 140
samples/positive/n04409515_8446.jpg 1 3 25 262 348
samples/positive/n04409515_6348.jpg 1 141 91 222 222
samples/positive/n04409515_14609.jpg 1 103 81 180 175
samples/positive/n04409515_5708.jpg 1 125 156 83 80
samples/positive/n04409515_6545.jpg 1 367 216 87 82
samples/positive/n04409515_1888.jpg 1 283 386 130 112
samples/positive/n04409515_3146.jpg 1 20 16 159 165
samples/positive/n04409515_2338.jpg 1 92 35 285 285
samples/positive/n04409515_6815.jpg 1 241 57 109 103
samples/positive/n04409515_1933.jpg 1 201 267 83 72
samples/positive/n04409515_8603.jpg 1 22 12 98 99
samples/positive/n04409515_2715.jpg 1 335 172 31 30
samples/positive/n04409515_8558.jpg 2 174 134 37 34 29 93 32 16
samples/positive/n04409515_2244.jpg 2 289 274 75 58 204 275 74 57
samples/positive/n04409515_3304.jpg 1 391 153 108 170
samples/positive/n04409515_5761.jpg 1 42 73 76 63
samples/positive/n04409515_2550.jpg 1 311 139 29 24
samples/positive/n04409515_5222.jpg 1 54 27 140 139
samples/positive/n04409515_19000.jpg 2 104 10 382 364 1 1 266 130
samples/positive/n04409515_21736.jpg 1 63 225 82 80
samples/positive/n04409515_1618.jpg 2 367 255 27 24 149 182 15 8
samples/positive/n04409515_21425.jpg 2 139 221 93 92 69 208 85 87
samples/positive/n04409515_1496.jpg 1 311 47 180 184
samples/positive/n04409515_4223.jpg 1 18 133 117 116
samples/positive/n04409515_22217.jpg 3 308 26 133 132 183 54 139 137 52 19 134 132
samples/positive/n04409515_1768.jpg 1 245 152 39 39
samples/positive/n04409515_6296.jpg 1 135 55 220 219
samples/positive/n04409515_20573.jpg 1 129 67 199 199
samples/positive/n04409515_2017.jpg 1 201 217 89 92
samples/positive/n04409515_19018.jpg 1 155 182 77 74
samples/positive/n04409515_3047.jpg 1 135 315 53 48
samples/positive/n04409515_3130.jpg 1 141 212 81 75
samples/positive/n04409515_1720.jpg 1 0 0 253 348
samples/positive/n04409515_6926.jpg 1 178 242 26 26
samples/positive/n04409515_18408.jpg 3 217 216 57 55 237 261 52 52 271 254 49 54
samples/positive/n04409515_1623.jpg 1 265 361 49 44
samples/positive/n04409515_1974.jpg 1 77 219 53 41
samples/positive/n04409515_8740.jpg 1 208 238 78 75
samples/positive/n04409515_20722.jpg 1 199 56 107 108
samples/positive/n04409515_1852.jpg 1 242 235 43 20
samples/positive/n04409515_19407.jpg 1 120 73 21 18
samples/positive/n04409515_8327.jpg 1 132 139 177 164
samples/positive/n04409515_5731.jpg 1 111 299 81 43
samples/positive/n04409515_6246.jpg 1 273 100 100 100
samples/positive/n04409515_5630.jpg 1 39 75 256 251
samples/positive/n04409515_3550.jpg 1 0 184 194 190
samples/positive/n04409515_5631.jpg 1 386 136 89 90
samples/positive/n04409515_2033.jpg 1 43 30 288 301
samples/positive/n04409515_5404.jpg 1 130 75 225 233
samples/positive/n04409515_14217.jpg 1 186 103 137 137
samples/positive/n04409515_3278.jpg 1 271 122 213 209
samples/positive/n04409515_2474.jpg 1 8 11 491 321
samples/positive/n04409515_1519.jpg 1 19 226 160 137
samples/positive/n04409515_6424.jpg 1 156 132 154 154
samples/positive/n04409515_10902.jpg 1 132 32 375 378
samples/positive/n04409515_1677.jpg 1 263 187 42 31
samples/positive/n04409515_4562.jpg 1 87 255 92 95
samples/positive/n04409515_10577.jpg 1 0 67 331 389
samples/positive/n04409515_11788.jpg 1 272 212 93 90
samples/positive/n04409515_22019.jpg 1 319 185 122 107
samples/positive/n04409515_6377.jpg 1 49 81 273 270
samples/positive/n04409515_6723.jpg 1 152 289 127 131
samples/positive/n04409515_1523.jpg 1 269 60 17 18
samples/positive/n04409515_6807.jpg 1 105 10 321 324
samples/positive/n04409515_3426.jpg 1 82 26 253 250
samples/positive/n04409515_7545.jpg 1 91 150 117 115
samples/positive/n04409515_13983.jpg 1 162 94 166 169
samples/positive/n04409515_1301.jpg 1 136 204 120 117
samples/positive/n04409515_3625.jpg 1 193 271 82 80
samples/positive/n04409515_5802.jpg 1 87 77 49 39
samples/positive/n04409515_2263.jpg 1 88 73 86 85
samples/positive/n04409515_2648.jpg 1 152 54 347 320
samples/positive/n04409515_4863.jpg 1 288 368 54 53
samples/positive/n04409515_16533.jpg 1 100 0 288 271
samples/positive/n04409515_16700.jpg 1 238 52 114 115
samples/positive/n04409515_2185.jpg 1 42 34 91 91
samples/positive/n04409515_6130.jpg 1 252 172 129 129
samples/positive/n04409515_3498.jpg 1 146 66 219 223
samples/positive/n04409515_10284.jpg 1 193 133 112 110
samples/positive/n04409515_2831.jpg 1 2 65 20 22
samples/positive/n04409515_19393.jpg 1 78 308 24 23
samples/positive/n04409515_5644.jpg 1 91 120 58 63
samples/positive/n04409515_7268.jpg 1 281 98 78 76
samples/positive/n04409515_5329.jpg 1 178 238 67 71
samples/positive/n04409515_21754.jpg 2 272 50 223 268 139 185 48 49
samples/positive/n04409515_14721.jpg 3 25 184 105 105 223 187 106 107 137 160 98 95
samples/positive/n04409515_6301.jpg 1 67 90 208 197
samples/positive/n04409515_6578.jpg 1 0 17 499 315
samples/positive/n04409515_1810.jpg 1 187 128 108 105
samples/positive/n04409515_22716.jpg 1 214 141 60 62
samples/positive/n04409515_2780.jpg 1 272 196 23 19
samples/positive/n04409515_4396.jpg 1 187 104 173 166
samples/positive/n04409515_6395.jpg 1 287 126 116 118
samples/positive/n04409515_1825.jpg 1 90 33 288 298
samples/positive/n04409515_2256.jpg 1 110 199 124 110
samples/positive/n04409515_5899.jpg 1 121 75 263 255
samples/positive/n04409515_3221.jpg 1 161 116 113 113
samples/positive/n04409515_1712.jpg 1 141 82 83 81
samples/positive/n04409515_5678.jpg 1 175 383 97 88
samples/positive/n04409515_2155.jpg 1 50 52 400 396
samples/positive/n04409515_6116.jpg 1 91 355 66 67
samples/positive/n04409515_2731.jpg 1 161 344 14 12
samples/positive/n04409515_6283.jpg 1 116 192 176 168
samples/positive/n04409515_1491.jpg 1 286 88 60 59
samples/positive/n04409515_6823.jpg 1 310 140 126 127
samples/positive/n04409515_10050.jpg 5 55 22 100 103 153 41 93 95 231 206 35 34 97 92 70 56 240 175 32 28
samples/positive/n04409515_3013.jpg 1 92 201 81 73
samples/positive/n04409515_2110.jpg 1 95 275 67 66
samples/positive/n04409515_8797.jpg 1 145 53 147 147
samples/positive/n04409515_5816.jpg 1 166 305 90 90
samples/positive/n04409515_11129.jpg 1 172 122 121 122
samples/positive/n04409515_5675.jpg 1 79 83 167 156
samples/positive/n04409515_6366.jpg 1 37 39 180 183
samples/positive/n04409515_2237.jpg 1 87 322 18 18
samples/positive/n04409515_3888.jpg 1 159 124 131 132
samples/positive/n04409515_10668.jpg 1 91 15 201 206
samples/positive/n04409515_18806.jpg 1 369 248 32 32
samples/positive/n04409515_1947.jpg 1 181 175 65 66
samples/positive/n04409515_19199.jpg 1 298 146 27 26
samples/positive/n04409515_2717.jpg 1 242 247 86 49
samples/positive/n04409515_176.jpg 1 132 93 223 217
samples/positive/n04409515_9709.jpg 1 149 117 194 195
samples/positive/n04409515_7148.jpg 1 33 1 147 148
samples/positive/n04409515_203.jpg 1 57 87 152 153
samples/positive/n04409515_10792.jpg 1 138 248 119 123
samples/positive/n04409515_6009.jpg 1 325 263 97 101
samples/positive/n04409515_1734.jpg 1 334 71 14 13
samples/positive/n04409515_18144.jpg 1 126 145 160 163
samples/positive/n04409515_2723.jpg 1 373 309 79 71
samples/positive/n04409515_5225.jpg 2 67 363 53 52 156 111 45 46
samples/positive/n04409515_651.jpg 1 225 183 108 63
samples/positive/n04409515_16386.jpg 1 158 314 60 50
samples/positive/n04409515_9732.jpg 1 391 133 108 136
samples/positive/n04409515_10859.jpg 1 177 332 103 96
samples/positive/n04409515_2565.jpg 1 2 1 483 497
samples/positive/n04409515_10312.jpg 1 139 24 220 221
samples/positive/n04409515_18852.jpg 1 192 114 178 180
samples/positive/n04409515_1386.jpg 1 160 299 152 143
samples/positive/n04409515_2937.jpg 1 170 102 183 177
samples/positive/n04409515_1836.jpg 1 391 178 16 13
samples/positive/n04409515_8949.jpg 1 201 87 160 162
samples/positive/n04409515_1608.jpg 1 84 156 118 115
samples/positive/n04409515_1694.jpg 1 127 64 236 234
samples/positive/n04409515_8985.jpg 1 234 76 115 115
samples/positive/n04409515_11072.jpg 1 72 314 142 144
samples/positive/n04409515_17902.jpg 1 95 312 131 129
samples/positive/n04409515_5974.jpg 1 164 31 57 59
samples/positive/n04409515_6703.jpg 1 59 127 105 103
samples/positive/n04409515_6804.jpg 1 40 95 188 185
samples/positive/n04409515_1767.jpg 3 133 12 234 235 4 237 242 250 262 243 234 240
samples/positive/n04409515_1251.jpg 1 215 338 96 95
samples/positive/n04409515_2687.jpg 1 25 43 101 85
samples/positive/n04409515_3255.jpg 1 70 132 212 214
samples/positive/n04409515_3296.jpg 1 120 56 155 159
samples/positive/n04409515_3298.jpg 1 20 11 273 275
samples/positive/n04409515_2552.jpg 1 180 180 21 18
samples/positive/n04409515_2166.jpg 1 62 219 28 31
samples/positive/n04409515_2328.jpg 1 285 88 34 27
samples/positive/n04409515_1539.jpg 1 1 220 76 81
samples/positive/n04409515_7202.jpg 3 105 85 120 113 111 298 116 110 115 192 116 111
samples/positive/n04409515_7370.jpg 1 180 125 134 138
samples/positive/n04409515_30.jpg 1 262 110 129 119
samples/positive/n04409515_10950.jpg 1 82 0 363 332
samples/positive/n04409515_10728.jpg 3 171 59 42 43 123 44 46 43 155 16 44 46
samples/positive/n04409515_9609.jpg 1 151 363 109 97
samples/positive/n04409515_4129.jpg 1 127 123 174 149
samples/positive/n04409515_1529.jpg 1 331 212 89 80
samples/positive/n04409515_1471.jpg 1 363 162 126 130
samples/positive/n04409515_2591.jpg 1 128 166 84 81
samples/positive/n04409515_5551.jpg 1 240 229 35 34
samples/positive/n04409515_739.jpg 1 222 123 35 28
samples/positive/n04409515_20354.jpg 1 197 271 78 56
samples/positive/n04409515_19976.jpg 1 128 66 99 99
samples/positive/n04409515_11090.jpg 1 173 121 115 116
samples/positive/n04409515_60.jpg 2 239 122 203 185 93 35 139 114
samples/positive/n04409515_22158.jpg 1 52 100 103 102
samples/positive/n04409515_2200.jpg 3 230 183 58 52 175 194 51 31 280 157 23 39
samples/positive/n04409515_1648.jpg 1 61 32 17 14
samples/positive/n04409515_1827.jpg 1 122 236 19 14
samples/positive/n04409515_7843.jpg 2 360 165 44 45 295 183 47 48
samples/positive/n04409515_13461.jpg 1 262 199 97 98
samples/positive/n04409515_2262.jpg 1 90 148 117 88
samples/positive/n04409515_5756.jpg 1 263 97 29 30
samples/positive/n04409515_657.jpg 1 285 106 27 31
samples/positive/n04409515_1456.jpg 1 166 223 123 109
samples/positive/n04409515_22004.jpg 1 360 90 114 111
samples/positive/n04409515_2199.jpg 1 154 276 68 63
samples/positive/n04409515_2798.jpg 1 68 17 397 391
samples/positive/n04409515_1963.jpg 1 103 283 139 132
samples/positive/n04409515_8225.jpg 1 8 6 344 337
samples/positive/n04409515_5566.jpg 1 41 68 186 186
samples/positive/n04409515_2106.jpg 1 133 218 96 101
samples/positive/n04409515_1683.jpg 1 63 159 139 141
samples/positive/n04409515_2744.jpg 1 398 202 41 27
samples/positive/n04409515_2504.jpg 1 157 295 93 95
samples/positive/n04409515_2466.jpg 1 45 361 67 67
samples/positive/n04409515_2405.jpg 5 32 124 111 107 237 158 37 35 376 152 44 46 343 159 30 31 148 152 49 47
samples/positive/n04409515_22225.jpg 1 48 22 338 321
samples/positive/n04409515_21752.jpg 1 133 105 217 220
samples/positive/n04409515_15891.jpg 1 22 45 201 204
samples/positive/n04409515_2803.jpg 1 142 224 52 44
samples/positive/n04409515_19816.jpg 1 306 82 138 137
samples/positive/n04409515_2292.jpg 1 194 191 18 19
samples/positive/n04409515_7250.jpg 1 29 36 258 252
samples/positive/n04409515_19252.jpg 2 427 240 20 20 448 242 19 20
samples/positive/n04409515_21647.jpg 1 227 149 93 94
samples/positive/n04409515_797.jpg 1 200 108 104 106
samples/positive/n04409515_18956.jpg 1 211 145 39 41
samples/positive/n04409515_2836.jpg 1 222 77 130 165
samples/positive/n04409515_8479.jpg 1 86 376 94 96
samples/positive/n04409515_21724.jpg 1 96 151 50 50
samples/positive/n04409515_2323.jpg 1 96 16 273 273
samples/positive/n04409515_20561.jpg 1 170 129 107 108
samples/positive/n04409515_2829.jpg 1 49 36 170 170
samples/positive/n04409515_21482.jpg 1 255 370 79 80
samples/positive/n04409515_7628.jpg 1 12 109 28 30
samples/positive/n04409515_1362.jpg 1 310 132 154 151
samples/positive/n04409515_11463.jpg 1 146 22 281 277
samples/positive/n04409515_8873.jpg 2 45 301 176 169 230 35 95 101
samples/positive/n04409515_2680.jpg 1 134 146 94 76
samples/positive/n04409515_5666.jpg 1 191 61 228 224
samples/positive/n04409515_3682.jpg 1 105 268 114 114
samples/positive/n04409515_2050.jpg 1 250 118 249 213
samples/positive/n04409515_1064.jpg 1 83 95 133 132
samples/positive/n04409515_21524.jpg 1 174 82 126 126
samples/positive/n04409515_20912.jpg 1 361 0 133 106
samples/positive/n04409515_1628.jpg 1 425 188 12 11
samples/positive/n04409515_8933.jpg 1 133 364 96 102
samples/positive/n04409515_9994.jpg 1 23 174 176 173
samples/positive/n04409515_1259.jpg 1 79 151 187 181
samples/positive/n04409515_19446.jpg 1 427 197 14 15
samples/positive/n04409515_1685.jpg 1 207 85 33 33
samples/positive/n04409515_6495.jpg 1 99 21 328 325
samples/positive/n04409515_7803.jpg 1 13 81 275 268
samples/positive/n04409515_4453.jpg 1 20 142 262 270
samples/positive/n04409515_18257.jpg 1 258 58 171 168
samples/positive/n04409515_5872.jpg 1 187 143 113 117
samples/positive/n04409515_6187.jpg 1 63 47 323 301
samples/positive/n04409515_2270.jpg 1 52 210 228 222
samples/positive/n04409515_1247.jpg 1 196 268 66 64
samples/positive/n04409515_7097.jpg 1 118 38 215 283
samples/positive/n04409515_6035.jpg 1 196 243 41 43
samples/positive/n04409515_1387.jpg 1 192 365 112 115
samples/positive/n04409515_2695.jpg 1 101 32 12 9
samples/positive/n04409515_20450.jpg 1 182 0 317 332
samples/positive/n04409515_1359.jpg 1 232 61 198 197
samples/positive/n04409515_727.jpg 1 170 24 138 139
samples/positive/n04409515_4478.jpg 1 248 115 160 165
samples/positive/n04409515_5313.jpg 1 131 125 187 182
samples/positive/n04409515_15502.jpg 1 221 85 72 63
samples/positive/n04409515_2560.jpg 1 219 192 21 22
samples/positive/n04409515_817.jpg 1 72 333 195 164
samples/positive/n04409515_3851.jpg 1 26 86 125 128
samples/positive/n04409515_2243.jpg 1 215 53 274 276
samples/positive/n04409515_1536.jpg 1 328 181 131 131
samples/positive/n04409515_19563.jpg 1 147 60 200 193
samples/positive/n04409515_2734.jpg 1 193 176 24 11
samples/positive/n04409515_6616.jpg 1 56 2 374 244
samples/positive/n04409515_13571.jpg 1 192 18 280 278
samples/positive/n04409515_2838.jpg 1 288 152 11 11
samples/positive/n04409515_2201.jpg 1 262 160 137 127
samples/positive/n04409515_4846.jpg 1 27 281 228 197
samples/positive/n04409515_813.jpg 2 250 82 226 226 10 79 231 229
samples/positive/n04409515_6097.jpg 1 73 173 192 138
samples/positive/n04409515_22109.jpg 3 128 67 245 238 350 103 143 229 341 27 150 131
samples/positive/n04409515_2347.jpg 1 169 265 59 58
samples/positive/n04409515_5677.jpg 1 323 302 19 21
samples/positive/n04409515_20238.jpg 1 105 337 71 75
samples/positive/n04409515_7151.jpg 1 0 18 329 480
samples/positive/n04409515_3628.jpg 1 162 86 189 177
samples/positive/n04409515_19249.jpg 1 1 87 199 287
samples/positive/n04409515_8063.jpg 1 197 128 134 130
samples/positive/n04409515_6461.jpg 1 142 238 82 72
samples/positive/n04409515_9587.jpg 1 111 270 182 168
samples/positive/n04409515_2808.jpg 1 177 193 42 43
samples/positive/n04409515_2640.jpg 1 239 222 34 33
samples/positive/n04409515_2604.jpg 1 87 255 111 116
samples/positive/n04409515_1231.jpg 1 45 357 123 120
samples/positive/n04409515_6304.jpg 1 39 41 137 137
samples/positive/n04409515_5647.jpg 1 212 38 252 245
samples/positive/n04409515_12343.jpg 1 291 154 73 67
samples/positive/n04409515_18187.jpg 1 78 241 40 36
samples/positive/n04409515_18727.jpg 1 444 244 28 31
samples/positive/n04409515_19377.jpg 1 107 51 264 259
samples/positive/n04409515_19163.jpg 1 117 176 95 92
samples/positive/n04409515_321.jpg 1 215 43 178 177
samples/positive/n04409515_20637.jpg 1 81 311 172 156
samples/positive/n04409515_1139.jpg 1 194 168 11 11
samples/positive/n04409515_1473.jpg 1 83 297 153 149
samples/positive/n04409515_9004.jpg 1 268 43 173 181
samples/positive/n04409515_2303.jpg 1 239 189 82 82
samples/positive/n04409515_6233.jpg 1 68 121 128 112
samples/positive/n04409515_5558.jpg 1 186 43 303 309
samples/positive/n04409515_2622.jpg 1 34 0 439 340
samples/positive/n04409515_7476.jpg 1 1 93 301 271
samples/positive/n04409515_5955.jpg 1 28 179 122 114
samples/positive/n04409515_446.jpg 1 150 80 132 132
samples/positive/n04409515_9979.jpg 1 70 32 208 211
samples/positive/n04409515_3049.jpg 1 120 375 119 115
samples/positive/n04409515_2424.jpg 1 98 39 235 239
samples/positive/n04409515_2809.jpg 1 336 200 38 32
samples/positive/n04409515_5797.jpg 1 203 138 241 236
samples/positive/n04409515_8481.jpg 3 50 105 211 207 398 137 10 7 303 222 9 8
samples/positive/n04409515_1715.jpg 3 337 75 116 98 229 113 126 97 177 220 79 107
samples/positive/n04409515_3122.jpg 1 119 52 291 292
samples/positive/n04409515_19603.jpg 1 17 88 301 297
samples/positive/n04409515_13328.jpg 1 212 244 73 74
samples/positive/n04409515_18516.jpg 1 21 231 86 85
samples/positive/n04409515_6906.jpg 1 205 116 76 79
samples/positive/n04409515_1418.jpg 1 157 107 118 106
samples/positive/n04409515_765.jpg 1 203 175 114 94
samples/positive/n04409515_21452.jpg 1 63 238 220 224
samples/positive/n04409515_6040.jpg 1 306 158 53 48
samples/positive/n04409515_5646.jpg 3 183 27 209 208 243 198 215 187 36 170 213 201
samples/positive/n04409515_6510.jpg 1 129 48 212 205
samples/positive/n04409515_19685.jpg 1 140 365 43 42
samples/positive/n04409515_5856.jpg 1 345 216 97 97
