samples/positive/n03982232_368.jpg 2 192 189 87 88 300 145 39 39
samples/positive/n03982232_2502.jpg 2 265 310 36 32 299 304 30 33
samples/positive/n03982232_4583.jpg 6 80 164 107 106 173 173 73 89 284 170 68 74 60 170 57 93 228 173 59 81 226 172 58 78
samples/positive/n03982232_2660.jpg 9 280 219 64 65 303 132 40 41 475 214 24 59 475 211 23 60 473 214 26 60 414 136 38 40 413 133 42 43 354 103 33 33 402 111 30 27
samples/positive/n03982232_1370.jpg 4 193 78 247 239 37 20 41 40 410 13 54 52 410 17 53 48
samples/positive/n03982232_5287.jpg 2 120 305 80 81 98 262 59 56
samples/positive/n03982232_12.jpg 1 122 44 230 230
samples/positive/n03982232_7344.jpg 1 159 314 51 56
samples/positive/n03982232_819.jpg 2 218 301 20 22 163 277 19 21
samples/positive/n03982232_2342.jpg 1 167 100 149 142
samples/positive/n03982232_10943.jpg 1 30 171 275 276
samples/positive/n03982232_174.jpg 4 125 426 31 37 103 462 38 34 176 386 29 21 82 440 38 40
samples/positive/n03982232_5246.jpg 3 36 187 121 123 360 183 50 41 336 209 30 23
samples/positive/n03982232_8173.jpg 2 381 260 36 35 27 10 250 247
samples/positive/n03982232_4234.jpg 3 232 54 197 198 96 57 123 133 95 64 123 118
samples/positive/n03982232_6488.jpg 2 43 71 79 85 40 164 77 77
samples/positive/n03982232_7564.jpg 7 263 224 84 85 347 167 15 15 87 173 25 21 0 196 39 57 137 166 17 17 136 166 21 22 243 164 16 15
samples/positive/n03982232_216.jpg 1 56 44 221 222
samples/positive/n03982232_4662.jpg 2 236 151 117 117 125 128 25 29
samples/positive/n03982232_13288.jpg 1 35 97 159 161
samples/positive/n03982232_8451.jpg 2 239 159 31 34 337 179 36 21
samples/positive/n03982232_7314.jpg 2 314 136 139 138 115 17 56 70
samples/positive/n03982232_2869.jpg 1 144 135 124 137
samples/positive/n03982232_1298.jpg 2 171 16 245 242 15 104 209 216
samples/positive/n03982232_8290.jpg 1 130 167 84 86
samples/positive/n03982232_1005.jpg 4 63 296 43 37 180 271 25 25 458 296 36 37 458 296 33 37
samples/positive/n03982232_3066.jpg 2 118 149 78 80 412 76 42 46
samples/positive/n03982232_2102.jpg 1 262 34 233 235
samples/positive/n03982232_7017.jpg 3 170 85 203 278 161 0 140 116 1 25 172 276
samples/positive/n03982232_3408.jpg 2 168 289 79 45 200 266 53 46
samples/positive/n03982232_7738.jpg 1 182 142 83 70
samples/positive/n03982232_383.jpg 2 123 338 101 102 126 284 54 53
samples/positive/n03982232_3088.jpg 1 10 11 488 486
samples/positive/n03982232_1937.jpg 3 71 327 97 100 232 36 70 69 168 51 68 70
samples/positive/n03982232_1266.jpg 3 114 185 40 44 449 189 35 32 0 202 22 83
samples/positive/n03982232_3285.jpg 1 59 54 227 226
samples/positive/n03982232_2212.jpg 1 129 39 226 227
samples/positive/n03982232_2017.jpg 2 332 175 124 123 216 132 70 72
samples/positive/n03982232_7071.jpg 1 82 0 400 316
samples/positive/n03982232_7804.jpg 2 423 195 26 29 493 202 6 24
samples/positive/n03982232_260.jpg 1 276 149 223 225
samples/positive/n03982232_2451.jpg 1 82 369 107 101
samples/positive/n03982232_3311.jpg 5 249 214 41 39 340 216 58 61 306 209 35 41 181 204 21 20 183 207 15 16
samples/positive/n03982232_7601.jpg 1 80 207 151 149
samples/positive/n03982232_4525.jpg 5 182 104 154 159 335 107 163 172 6 90 97 130 183 103 149 157 90 102 107 128
samples/positive/n03982232_8502.jpg 1 71 143 71 69
samples/positive/n03982232_764.jpg 1 42 79 231 235
samples/positive/n03982232_73.jpg 1 360 373 58 63
samples/positive/n03982232_4066.jpg 4 363 112 117 115 249 111 111 112 136 111 112 111 16 109 122 116
samples/positive/n03982232_931.jpg 7 78 72 190 193 0 26 52 61 309 37 80 82 308 35 87 88 208 31 79 81 208 31 81 82 386 37 75 79
samples/positive/n03982232_329.jpg 1 210 134 75 76
samples/positive/n03982232_2474.jpg 1 179 23 320 351
samples/positive/n03982232_15888.jpg 3 146 111 135 133 0 129 172 230 129 95 46 48
samples/positive/n03982232_7995.jpg 2 146 193 108 99 162 97 103 97
samples/positive/n03982232_4813.jpg 2 105 17 311 314 47 83 102 203
samples/positive/n03982232_4984.jpg 1 384 136 115 114
samples/positive/n03982232_1352.jpg 4 411 247 88 89 158 265 50 50 49 258 62 63 22 261 43 57
samples/positive/n03982232_6533.jpg 1 144 52 242 235
samples/positive/n03982232_51.jpg 1 147 349 92 93
samples/positive/n03982232_750.jpg 1 168 50 219 213
samples/positive/n03982232_7736.jpg 1 63 119 189 191
samples/positive/n03982232_2234.jpg 2 280 299 37 39 168 297 39 39
samples/positive/n03982232_8554.jpg 3 249 226 37 36 75 280 61 62 138 244 44 46
samples/positive/n03982232_8411.jpg 1 94 79 140 144
samples/positive/n03982232_10990.jpg 2 84 167 171 169 183 145 127 139
samples/positive/n03982232_1205.jpg 1 212 114 241 240
samples/positive/n03982232_7766.jpg 2 79 2 188 137 74 0 193 148
samples/positive/n03982232_3670.jpg 1 259 15 240 301
samples/positive/n03982232_7961.jpg 3 155 383 37 40 200 309 32 32 240 284 34 37
samples/positive/n03982232_6393.jpg 1 70 3 348 362
samples/positive/n03982232_7452.jpg 1 68 65 173 171
samples/positive/n03982232_2740.jpg 1 358 235 62 62
samples/positive/n03982232_7443.jpg 2 158 402 50 55 230 470 68 28
samples/positive/n03982232_78.jpg 1 114 112 163 160
samples/positive/n03982232_7255.jpg 1 65 231 166 162
samples/positive/n03982232_2666.jpg 8 230 269 33 33 306 194 17 18 221 154 14 14 106 178 20 21 78 196 24 22 67 174 18 18 339 186 19 17 262 160 14 10
samples/positive/n03982232_1993.jpg 2 16 34 171 175 312 44 167 164
samples/positive/n03982232_8206.jpg 1 65 85 268 188
samples/positive/n03982232_8612.jpg 2 233 36 157 157 78 36 159 154
samples/positive/n03982232_3378.jpg 1 245 150 35 33
samples/positive/n03982232_4671.jpg 1 262 82 98 89
samples/positive/n03982232_8042.jpg 4 53 127 23 28 160 63 13 17 158 60 17 21 221 23 19 14
samples/positive/n03982232_810.jpg 1 296 82 50 56
samples/positive/n03982232_2370.jpg 1 266 101 194 182
samples/positive/n03982232_1531.jpg 1 25 35 418 339
samples/positive/n03982232_8551.jpg 1 200 94 243 237
samples/positive/n03982232_3180.jpg 5 9 174 145 144 152 130 101 111 87 152 110 120 241 104 86 88 244 105 82 84
samples/positive/n03982232_6192.jpg 2 86 241 98 102 158 166 63 66
samples/positive/n03982232_7205.jpg 1 236 72 165 165
samples/positive/n03982232_7906.jpg 1 177 29 152 158
samples/positive/n03982232_7399.jpg 1 71 211 48 48
samples/positive/n03982232_2498.jpg 3 56 135 78 77 258 58 44 40 8 26 24 25
samples/positive/n03982232_7657.jpg 2 48 30 171 175 208 9 102 105
samples/positive/n03982232_12488.jpg 3 0 0 304 301 346 62 111 113 269 41 70 125
samples/positive/n03982232_16210.jpg 2 84 203 12 14 50 253 31 27
samples/positive/n03982232_2817.jpg 1 1 83 336 335
samples/positive/n03982232_1744.jpg 1 120 8 265 248
samples/positive/n03982232_3229.jpg 1 178 104 136 134
samples/positive/n03982232_229.jpg 1 285 175 181 179
samples/positive/n03982232_7898.jpg 1 53 15 282 286
samples/positive/n03982232_7944.jpg 2 80 190 9 9 162 132 84 89
samples/positive/n03982232_2188.jpg 6 150 320 51 50 130 118 40 39 112 232 48 45 138 167 39 38 116 87 44 40 133 76 34 30
samples/positive/n03982232_1750.jpg 1 164 110 179 181
samples/positive/n03982232_6095.jpg 5 97 99 219 223 349 101 150 168 353 106 146 160 0 91 135 201 2 100 141 185
samples/positive/n03982232_2293.jpg 1 164 62 279 286
samples/positive/n03982232_4684.jpg 2 117 384 49 53 68 420 75 76
samples/positive/n03982232_3513.jpg 1 197 170 300 328
samples/positive/n03982232_1596.jpg 2 115 359 85 88 139 309 60 52
samples/positive/n03982232_1892.jpg 6 247 228 98 99 153 197 60 69 190 211 76 89 413 200 66 72 416 206 59 61 331 215 66 83
samples/positive/n03982232_3501.jpg 1 234 73 106 102
samples/positive/n03982232_2337.jpg 3 143 104 34 35 211 195 63 68 440 146 50 43
samples/positive/n03982232_6335.jpg 1 0 0 340 331
samples/positive/n03982232_5158.jpg 2 240 111 49 48 249 85 33 33
samples/positive/n03982232_6234.jpg 1 65 147 106 107
samples/positive/n03982232_544.jpg 2 204 158 150 151 212 24 91 101
samples/positive/n03982232_852.jpg 1 97 204 129 128
samples/positive/n03982232_12830.jpg 1 32 156 30 26
samples/positive/n03982232_5352.jpg 1 0 87 199 374
samples/positive/n03982232_751.jpg 2 286 230 25 28 203 269 42 45
samples/positive/n03982232_1935.jpg 2 328 235 40 43 265 227 35 24
samples/positive/n03982232_336.jpg 1 84 4 231 231
samples/positive/n03982232_2863.jpg 1 160 77 116 111
samples/positive/n03982232_3146.jpg 1 158 105 170 174
samples/positive/n03982232_1374.jpg 1 228 34 208 208
samples/positive/n03982232_2596.jpg 4 261 365 33 35 150 330 29 27 307 286 24 29 217 369 33 31
samples/positive/n03982232_5961.jpg 3 324 117 156 151 156 111 154 155 0 79 144 149
samples/positive/n03982232_8515.jpg 1 423 151 20 20
samples/positive/n03982232_6595.jpg 1 197 215 105 107
samples/positive/n03982232_7539.jpg 1 346 98 86 82
samples/positive/n03982232_2554.jpg 1 53 102 185 184
samples/positive/n03982232_2572.jpg 1 91 139 151 150
samples/positive/n03982232_7492.jpg 2 51 190 34 32 88 188 27 30
samples/positive/n03982232_8488.jpg 2 465 239 15 14 277 147 13 14
samples/positive/n03982232_5971.jpg 3 62 33 220 217 308 97 82 80 385 94 85 86
samples/positive/n03982232_11631.jpg 1 0 224 115 150
samples/positive/n03982232_4150.jpg 2 88 58 178 170 89 57 175 167
samples/positive/n03982232_6301.jpg 1 105 333 116 123
samples/positive/n03982232_13721.jpg 3 274 191 119 125 322 119 7 8 361 118 9 10
samples/positive/n03982232_1398.jpg 2 124 87 187 191 357 178 26 30
samples/positive/n03982232_8180.jpg 1 235 57 170 169
samples/positive/n03982232_5492.jpg 1 68 204 25 28
samples/positive/n03982232_1393.jpg 1 65 436 25 27
samples/positive/n03982232_8532.jpg 3 66 247 165 171 226 187 109 130 118 193 128 112
samples/positive/n03982232_3394.jpg 1 121 111 124 125
samples/positive/n03982232_1117.jpg 2 163 147 107 115 271 153 93 102
samples/positive/n03982232_2179.jpg 6 72 222 206 209 128 47 67 65 251 25 40 50 180 42 45 63 71 33 54 65 30 25 35 46
samples/positive/n03982232_1234.jpg 2 236 256 53 51 276 190 25 24
samples/positive/n03982232_8158.jpg 2 137 151 113 120 156 53 79 77
samples/positive/n03982232_2473.jpg 1 70 44 112 119
samples/positive/n03982232_4188.jpg 6 25 150 145 147 253 50 79 125 1 71 66 89 78 75 100 97 77 75 100 88 82 28 69 55
samples/positive/n03982232_4857.jpg 1 4 225 258 151
samples/positive/n03982232_7088.jpg 3 470 248 29 32 321 283 82 48 0 265 38 65
samples/positive/n03982232_5781.jpg 2 333 96 166 212 96 68 90 90
samples/positive/n03982232_2037.jpg 1 159 325 41 42
samples/positive/n03982232_7949.jpg 1 23 198 250 253
samples/positive/n03982232_1323.jpg 3 120 79 158 163 282 75 163 162 237 67 89 83
samples/positive/n03982232_1152.jpg 1 158 336 89 87
samples/positive/n03982232_9329.jpg 1 185 137 123 123
samples/positive/n03982232_889.jpg 2 217 395 31 28 112 394 29 32
samples/positive/n03982232_2532.jpg 2 21 318 175 174 206 300 67 60
samples/positive/n03982232_6248.jpg 3 61 257 29 30 0 242 12 36 35 241 32 31
samples/positive/n03982232_6821.jpg 1 163 72 181 180
samples/positive/n03982232_7922.jpg 1 105 121 59 57
samples/positive/n03982232_8331.jpg 2 181 13 34 34 268 36 105 113
samples/positive/n03982232_7516.jpg 3 151 284 175 173 172 52 152 144 12 181 158 157
samples/positive/n03982232_7976.jpg 2 200 67 114 118 283 0 64 24
samples/positive/n03982232_4708.jpg 6 131 145 87 89 286 150 69 77 212 150 77 82 345 150 62 77 393 156 59 64 397 156 58 66
samples/positive/n03982232_7222.jpg 2 247 182 27 29 119 178 15 23
samples/positive/n03982232_4200.jpg 3 225 6 44 41 173 65 282 254 345 4 41 39
samples/positive/n03982232_1519.jpg 1 92 132 124 129
samples/positive/n03982232_5431.jpg 2 245 44 70 71 0 48 93 102
samples/positive/n03982232_3493.jpg 1 72 131 115 112
samples/positive/n03982232_2362.jpg 1 193 45 163 165
samples/positive/n03982232_3233.jpg 2 195 125 160 159 10 100 56 59
samples/positive/n03982232_9.jpg 1 40 301 30 29
samples/positive/n03982232_36.jpg 2 307 264 115 110 125 249 45 48
samples/positive/n03982232_2429.jpg 4 130 159 76 72 221 160 70 68 296 161 69 69 295 161 71 66
samples/positive/n03982232_2945.jpg 4 229 186 87 88 189 179 58 70 71 184 75 74 302 180 61 63
samples/positive/n03982232_7768.jpg 1 321 121 132 132
samples/positive/n03982232_3260.jpg 2 214 155 23 22 16 101 31 32
samples/positive/n03982232_3398.jpg 1 205 215 49 45
samples/positive/n03982232_1338.jpg 1 130 0 285 280
samples/positive/n03982232_2323.jpg 1 276 346 16 17
samples/positive/n03982232_7456.jpg 6 416 194 14 16 463 194 15 14 441 198 16 13 431 202 15 11 429 195 12 8 477 101 8 8
samples/positive/n03982232_4423.jpg 1 272 191 126 126
samples/positive/n03982232_1310.jpg 2 82 198 79 84 51 270 80 60
samples/positive/n03982232_212.jpg 1 193 198 114 113
samples/positive/n03982232_297.jpg 2 293 282 18 23 213 276 20 21
samples/positive/n03982232_7623.jpg 4 238 113 75 83 40 78 72 74 35 74 78 77 38 217 102 103
samples/positive/n03982232_1513.jpg 2 177 303 54 56 335 258 43 46
samples/positive/n03982232_1282.jpg 1 26 23 275 278
samples/positive/n03982232_1348.jpg 3 7 1 282 239 232 124 266 249 25 225 231 149
samples/positive/n03982232_2686.jpg 1 442 297 35 33
samples/positive/n03982232_8340.jpg 3 254 304 39 41 369 292 23 22 336 283 22 25
samples/positive/n03982232_1932.jpg 2 207 122 158 158 48 122 155 157
samples/positive/n03982232_1912.jpg 1 123 29 300 293
samples/positive/n03982232_2177.jpg 1 98 247 133 139
samples/positive/n03982232_3827.jpg 1 165 217 99 98
samples/positive/n03982232_1646.jpg 1 37 115 169 168
samples/positive/n03982232_3373.jpg 1 164 63 224 226
samples/positive/n03982232_729.jpg 2 7 6 221 232 394 65 88 88
samples/positive/n03982232_8285.jpg 1 0 302 224 196
samples/positive/n03982232_4542.jpg 1 70 37 184 183
samples/positive/n03982232_8017.jpg 1 74 37 229 226
samples/positive/n03982232_723.jpg 1 191 127 121 122
samples/positive/n03982232_4952.jpg 7 131 105 32 33 381 104 34 34 292 102 12 11 77 100 11 9 330 101 12 12 60 99 8 8 313 100 9 9
samples/positive/n03982232_3237.jpg 2 73 305 98 93 112 236 38 37
samples/positive/n03982232_684.jpg 2 179 207 77 76 237 185 20 18
samples/positive/n03982232_2934.jpg 1 186 203 108 111
samples/positive/n03982232_6350.jpg 5 135 408 36 37 63 414 37 39 12 433 38 27 92 409 36 39 284 440 36 22
samples/positive/n03982232_617.jpg 5 227 326 34 37 260 322 36 38 197 317 30 34 230 237 25 26 214 393 57 37
samples/positive/n03982232_2308.jpg 1 17 49 266 274
samples/positive/n03982232_364.jpg 1 84 137 198 203
samples/positive/n03982232_5077.jpg 1 28 96 179 178
samples/positive/n03982232_4377.jpg 1 200 120 193 197
samples/positive/n03982232_4799.jpg 3 97 235 31 31 141 163 23 24 16 162 23 22
samples/positive/n03982232_6066.jpg 1 253 135 99 94
samples/positive/n03982232_6273.jpg 2 225 101 150 149 39 86 147 147
samples/positive/n03982232_540.jpg 1 145 60 155 156
samples/positive/n03982232_1477.jpg 2 56 48 135 134 191 83 45 64
samples/positive/n03982232_4987.jpg 1 221 42 204 207
samples/positive/n03982232_3270.jpg 1 152 103 276 209
samples/positive/n03982232_287.jpg 1 197 234 23 19
samples/positive/n03982232_2853.jpg 1 86 71 215 214
samples/positive/n03982232_8088.jpg 3 181 122 60 58 187 219 195 79 121 207 126 90
samples/positive/n03982232_6668.jpg 1 128 128 122 120
samples/positive/n03982232_763.jpg 6 127 69 65 62 196 121 74 72 303 143 68 72 301 142 70 75 372 105 70 71 264 291 89 42
samples/positive/n03982232_7357.jpg 2 378 276 42 41 282 287 8 8
