samples/positive/n03134739_7360.jpg 1 380 190 10 7
samples/positive/n03134739_4428.jpg 1 418 235 10 12
samples/positive/n03134739_5666.jpg 2 71 388 27 24 0 373 16 32
samples/positive/n03134739_349.jpg 2 422 268 25 29 422 196 23 23
samples/positive/n03134739_1598.jpg 2 131 293 17 21 199 269 14 18
samples/positive/n03134739_5992.jpg 1 170 368 25 25
samples/positive/n03134739_2803.jpg 1 51 359 24 23
samples/positive/n03134739_1610.jpg 1 132 293 13 13
samples/positive/n03134739_4684.jpg 1 87 47 143 140
samples/positive/n03134739_1641.jpg 2 57 198 41 37 149 127 27 20
samples/positive/n03134739_804.jpg 1 102 49 107 85
samples/positive/n03134739_8365.jpg 2 255 381 22 16 338 383 28 25
samples/positive/n03134739_3180.jpg 1 177 303 17 14
samples/positive/n03134739_4840.jpg 2 192 186 39 35 238 180 33 24
samples/positive/n03134739_3242.jpg 1 175 333 23 18
samples/positive/n03134739_1570.jpg 1 252 309 24 24
samples/positive/n03134739_3945.jpg 2 77 213 12 12 166 237 9 9
samples/positive/n03134739_2963.jpg 2 194 321 20 19 261 276 14 12
samples/positive/n03134739_1371.jpg 1 167 343 49 48
samples/positive/n03134739_7519.jpg 1 400 59 26 27
samples/positive/n03134739_567.jpg 1 187 266 33 36
samples/positive/n03134739_4339.jpg 2 108 170 21 20 109 139 19 19
samples/positive/n03134739_8057.jpg 1 151 330 11 11
samples/positive/n03134739_654.jpg 1 0 1 498 497
samples/positive/n03134739_2285.jpg 1 158 366 30 26
samples/positive/n03134739_5139.jpg 5 209 233 96 91 306 238 90 84 140 206 86 75 291 207 85 56 160 171 76 65
samples/positive/n03134739_1214.jpg 1 94 120 86 88
samples/positive/n03134739_2615.jpg 1 180 145 102 110
samples/positive/n03134739_7133.jpg 2 390 113 27 36 346 150 24 29
samples/positive/n03134739_248.jpg 1 128 478 29 20
samples/positive/n03134739_875.jpg 2 159 121 120 119 278 168 101 103
samples/positive/n03134739_1760.jpg 3 150 329 22 23 241 315 22 22 388 286 19 18
samples/positive/n03134739_9649.jpg 3 278 300 30 33 43 293 22 19 271 78 15 15
samples/positive/n03134739_3219.jpg 3 154 193 20 19 40 204 18 17 223 207 17 17
samples/positive/n03134739_600.jpg 2 230 448 37 40 6 355 31 30
samples/positive/n03134739_5755.jpg 1 180 390 86 77
samples/positive/n03134739_9646.jpg 1 237 218 51 53
samples/positive/n03134739_791.jpg 1 230 320 20 18
samples/positive/n03134739_1437.jpg 1 319 304 20 23
samples/positive/n03134739_4955.jpg 4 81 393 71 75 202 378 69 67 196 305 65 65 148 277 64 59
samples/positive/n03134739_4606.jpg 1 81 377 21 24
samples/positive/n03134739_4274.jpg 5 414 200 13 15 167 214 14 13 182 306 16 15 233 207 15 12 264 217 14 12
samples/positive/n03134739_7135.jpg 1 96 366 22 26
samples/positive/n03134739_3976.jpg 2 344 297 14 14 283 284 13 13
samples/positive/n03134739_910.jpg 1 5 3 493 495
samples/positive/n03134739_1009.jpg 1 37 57 7 7
samples/positive/n03134739_1572.jpg 2 199 330 18 17 174 336 18 18
samples/positive/n03134739_1741.jpg 1 228 205 104 100
samples/positive/n03134739_5801.jpg 1 136 303 61 52
samples/positive/n03134739_4652.jpg 1 268 296 19 19
samples/positive/n03134739_517.jpg 1 117 21 74 75
samples/positive/n03134739_7955.jpg 1 40 138 293 194
samples/positive/n03134739_5158.jpg 2 228 274 16 17 203 265 12 16
samples/positive/n03134739_1462.jpg 1 30 270 10 12
samples/positive/n03134739_3916.jpg 2 128 350 27 21 120 103 22 25
samples/positive/n03134739_700.jpg 1 164 247 32 25
samples/positive/n03134739_1292.jpg 1 102 160 11 12
samples/positive/n03134739_4854.jpg 1 247 280 20 20
samples/positive/n03134739_2978.jpg 1 4 65 41 36
samples/positive/n03134739_2305.jpg 2 80 138 38 37 51 152 18 16
samples/positive/n03134739_990.jpg 2 311 317 23 21 359 204 16 18
samples/positive/n03134739_411.jpg 1 102 413 18 18
samples/positive/n03134739_917.jpg 3 327 12 146 148 209 58 53 50 81 54 72 70
samples/positive/n03134739_853.jpg 2 140 268 23 22 127 267 16 17
samples/positive/n03134739_3187.jpg 3 222 257 22 21 365 277 16 15 175 295 21 15
samples/positive/n03134739_1478.jpg 1 211 540 24 28
samples/positive/n03134739_8309.jpg 1 288 296 24 22
samples/positive/n03134739_236.jpg 2 240 338 20 25 348 262 19 16
samples/positive/n03134739_2414.jpg 1 114 217 102 106
samples/positive/n03134739_6048.jpg 1 177 29 171 173
samples/positive/n03134739_3545.jpg 3 82 431 30 26 164 411 24 21 112 299 18 18
samples/positive/n03134739_6088.jpg 2 93 221 64 52 111 193 59 34
samples/positive/n03134739_3184.jpg 1 162 22 173 176
samples/positive/n03134739_7108.jpg 2 245 311 11 11 288 347 18 20
samples/positive/n03134739_1630.jpg 3 386 91 22 21 249 270 28 30 256 250 27 25
samples/positive/n03134739_9031.jpg 1 298 209 107 87
samples/positive/n03134739_30.jpg 1 91 388 25 27
samples/positive/n03134739_4624.jpg 1 261 417 26 23
samples/positive/n03134739_3959.jpg 1 122 411 23 20
samples/positive/n03134739_4514.jpg 3 141 329 60 45 181 317 46 47 130 183 11 11
samples/positive/n03134739_1724.jpg 3 243 215 57 51 193 222 42 24 168 195 24 20
samples/positive/n03134739_805.jpg 1 295 382 20 20
samples/positive/n03134739_8239.jpg 1 113 186 88 88
samples/positive/n03134739_526.jpg 1 201 196 27 27
samples/positive/n03134739_201.jpg 3 213 102 61 55 242 72 58 38 183 82 55 51
samples/positive/n03134739_93.jpg 1 202 418 61 59
samples/positive/n03134739_3960.jpg 1 393 211 7 7
samples/positive/n03134739_549.jpg 2 242 400 17 21 0 473 16 20
samples/positive/n03134739_4834.jpg 4 83 218 27 28 326 186 15 20 257 165 19 15 107 216 20 21
samples/positive/n03134739_393.jpg 2 231 361 22 26 267 430 24 28
samples/positive/n03134739_1266.jpg 1 81 316 23 22
samples/positive/n03134739_914.jpg 1 207 354 60 54
samples/positive/n03134739_1234.jpg 1 113 117 197 199
samples/positive/n03134739_351.jpg 1 187 431 30 32
samples/positive/n03134739_8107.jpg 3 239 317 9 10 281 280 12 14 134 358 14 12
samples/positive/n03134739_1708.jpg 2 404 286 54 47 325 266 42 36
samples/positive/n03134739_7904.jpg 1 325 294 16 17
samples/positive/n03134739_2965.jpg 1 215 310 20 19
samples/positive/n03134739_3714.jpg 1 201 357 55 54
samples/positive/n03134739_8616.jpg 1 130 378 12 12
samples/positive/n03134739_7993.jpg 1 165 402 20 21
samples/positive/n03134739_206.jpg 1 309 37 136 129
samples/positive/n03134739_2387.jpg 1 40 5 240 244
samples/positive/n03134739_4719.jpg 1 260 392 18 16
samples/positive/n03134739_3228.jpg 2 276 300 16 13 75 234 9 10
samples/positive/n03134739_2970.jpg 1 116 135 166 144
samples/positive/n03134739_3327.jpg 3 255 307 14 11 362 282 14 11 485 240 14 13
samples/positive/n03134739_167.jpg 2 216 239 58 47 197 239 33 20
samples/positive/n03134739_4469.jpg 3 269 220 19 18 193 184 14 13 473 97 9 12
samples/positive/n03134739_954.jpg 1 200 198 38 40
samples/positive/n03134739_1021.jpg 3 262 331 18 16 271 274 14 16 418 70 12 13
samples/positive/n03134739_1091.jpg 1 344 223 73 64
samples/positive/n03134739_711.jpg 2 245 374 64 64 214 244 63 62
samples/positive/n03134739_9332.jpg 1 331 61 167 163
samples/positive/n03134739_4679.jpg 2 127 181 75 71 48 67 64 58
samples/positive/n03134739_2409.jpg 1 303 216 30 28
samples/positive/n03134739_4249.jpg 1 123 133 222 222
samples/positive/n03134739_5742.jpg 2 0 350 16 16 151 293 15 15
samples/positive/n03134739_9368.jpg 1 244 168 53 51
samples/positive/n03134739_1978.jpg 2 386 299 13 16 220 269 13 12
samples/positive/n03134739_4601.jpg 1 282 330 24 23
samples/positive/n03134739_385.jpg 2 216 301 10 11 279 303 10 10
samples/positive/n03134739_2612.jpg 1 108 298 100 103
samples/positive/n03134739_1444.jpg 1 113 336 25 23
samples/positive/n03134739_2832.jpg 1 188 258 6 9
samples/positive/n03134739_2213.jpg 2 337 168 34 36 369 161 29 32
samples/positive/n03134739_4302.jpg 1 268 211 42 37
samples/positive/n03134739_1470.jpg 2 124 198 16 15 111 203 15 11
samples/positive/n03134739_132.jpg 1 4 130 81 84
samples/positive/n03134739_1464.jpg 1 1 2 496 495
samples/positive/n03134739_6950.jpg 2 192 382 83 63 76 143 59 52
samples/positive/n03134739_3214.jpg 1 225 339 26 21
samples/positive/n03134739_1152.jpg 2 53 416 45 42 237 253 20 14
samples/positive/n03134739_1497.jpg 1 86 344 29 26
samples/positive/n03134739_3921.jpg 3 283 328 11 10 369 170 12 9 128 242 10 11
samples/positive/n03134739_1469.jpg 1 110 122 21 19
samples/positive/n03134739_3000.jpg 1 322 410 31 27
samples/positive/n03134739_4772.jpg 4 248 180 29 23 196 381 54 50 321 103 11 17 83 391 62 57
samples/positive/n03134739_9223.jpg 2 198 302 122 85 397 325 99 75
samples/positive/n03134739_2556.jpg 1 19 46 211 207
samples/positive/n03134739_8869.jpg 1 143 257 129 121
samples/positive/n03134739_3870.jpg 2 224 317 13 13 197 234 11 11
samples/positive/n03134739_842.jpg 1 372 258 20 18
samples/positive/n03134739_6484.jpg 1 169 112 131 136
samples/positive/n03134739_3100.jpg 2 274 384 52 54 77 394 48 43
samples/positive/n03134739_4292.jpg 2 168 239 25 15 98 281 40 41
samples/positive/n03134739_699.jpg 3 16 418 26 23 150 337 27 19 147 351 30 29
samples/positive/n03134739_4592.jpg 3 368 125 55 43 288 129 53 44 323 111 48 41
samples/positive/n03134739_841.jpg 1 38 375 67 70
samples/positive/n03134739_8007.jpg 1 225 125 213 199
samples/positive/n03134739_7389.jpg 3 5 197 136 114 66 84 128 103 407 111 92 103
samples/positive/n03134739_2157.jpg 3 92 190 149 143 108 122 97 58 103 151 119 69
samples/positive/n03134739_1033.jpg 2 175 92 12 12 155 107 13 13
samples/positive/n03134739_3606.jpg 2 161 393 25 25 133 387 30 26
samples/positive/n03134739_8373.jpg 1 120 49 225 212
samples/positive/n03134739_122.jpg 2 37 241 62 63 341 131 65 65
samples/positive/n03134739_5142.jpg 1 321 345 35 25
samples/positive/n03134739_54.jpg 4 197 122 301 376 0 56 196 420 30 1 465 237 0 443 303 55
samples/positive/n03134739_319.jpg 1 48 32 10 7
samples/positive/n03134739_1013.jpg 3 290 304 22 21 37 287 22 21 243 260 27 20
samples/positive/n03134739_1743.jpg 2 140 426 22 22 252 430 22 12
samples/positive/n03134739_2901.jpg 1 129 300 12 13
samples/positive/n03134739_611.jpg 1 56 74 120 119
samples/positive/n03134739_1679.jpg 3 332 275 15 15 33 248 15 11 404 247 10 14
samples/positive/n03134739_8591.jpg 1 183 376 33 30
samples/positive/n03134739_4867.jpg 1 188 198 55 57
samples/positive/n03134739_6597.jpg 1 102 307 141 130
samples/positive/n03134739_669.jpg 1 160 240 38 29
samples/positive/n03134739_3793.jpg 1 206 247 40 37
samples/positive/n03134739_4416.jpg 2 207 223 23 19 100 242 27 25
samples/positive/n03134739_3622.jpg 1 148 259 17 14
samples/positive/n03134739_2321.jpg 1 35 170 257 191
samples/positive/n03134739_2558.jpg 1 236 445 29 23
samples/positive/n03134739_373.jpg 1 74 438 40 38
samples/positive/n03134739_8650.jpg 1 139 253 18 15
samples/positive/n03134739_6139.jpg 1 239 252 13 15
samples/positive/n03134739_2490.jpg 1 302 215 28 26
samples/positive/n03134739_9515.jpg 1 112 303 44 39
samples/positive/n03134739_9.jpg 2 118 379 46 37 244 365 41 40
samples/positive/n03134739_3367.jpg 3 281 316 21 23 175 303 19 17 232 101 9 8
samples/positive/n03134739_4711.jpg 1 200 415 73 77
samples/positive/n03134739_2085.jpg 1 180 242 27 25
samples/positive/n03134739_3564.jpg 1 116 105 163 156
samples/positive/n03134739_6793.jpg 1 208 87 179 166
samples/positive/n03134739_4645.jpg 1 85 342 38 32
samples/positive/n03134739_8803.jpg 2 233 258 28 31 235 287 35 33
samples/positive/n03134739_876.jpg 1 8 3 490 488
samples/positive/n03134739_4611.jpg 2 125 358 18 20 137 351 16 17
samples/positive/n03134739_3542.jpg 1 25 63 35 32
samples/positive/n03134739_3820.jpg 1 120 387 18 19
samples/positive/n03134739_3186.jpg 1 171 342 30 27
samples/positive/n03134739_4320.jpg 1 81 127 90 94
samples/positive/n03134739_484.jpg 3 193 266 99 65 204 191 14 10 223 182 13 11
samples/positive/n03134739_4382.jpg 3 446 334 11 10 335 332 13 14 379 332 15 11
samples/positive/n03134739_3377.jpg 1 52 442 31 29
samples/positive/n03134739_437.jpg 3 187 427 20 16 276 391 24 17 233 417 22 16
samples/positive/n03134739_4218.jpg 1 109 320 24 23
samples/positive/n03134739_975.jpg 1 263 279 17 19
samples/positive/n03134739_9388.jpg 3 219 207 84 76 85 218 89 90 285 23 79 79
samples/positive/n03134739_5683.jpg 1 227 181 19 17
samples/positive/n03134739_1140.jpg 2 374 133 29 20 460 128 25 21
samples/positive/n03134739_630.jpg 1 277 263 18 14
samples/positive/n03134739_8680.jpg 1 206 306 12 12
samples/positive/n03134739_7470.jpg 2 53 299 31 32 108 257 27 26
samples/positive/n03134739_7079.jpg 1 273 115 16 16
samples/positive/n03134739_2975.jpg 5 315 365 21 21 246 347 19 16 146 296 17 12 112 327 14 10 142 307 16 19
samples/positive/n03134739_4784.jpg 1 135 327 48 53
samples/positive/n03134739_2236.jpg 1 202 420 24 26
samples/positive/n03134739_2811.jpg 1 461 316 24 21
samples/positive/n03134739_3567.jpg 1 122 86 82 80
samples/positive/n03134739_312.jpg 1 43 306 241 192
samples/positive/n03134739_8095.jpg 1 222 382 28 26
samples/positive/n03134739_2528.jpg 2 100 341 13 10 110 380 13 12
samples/positive/n03134739_1145.jpg 2 406 194 40 33 109 222 28 28
samples/positive/n03134739_6563.jpg 4 172 177 85 93 97 214 81 84 107 129 84 79 128 284 89 48
samples/positive/n03134739_1511.jpg 2 328 298 16 14 217 302 18 15
samples/positive/n03134739_581.jpg 3 318 333 17 14 82 232 13 11 169 304 14 13
samples/positive/n03134739_1592.jpg 1 22 262 21 20
samples/positive/n03134739_1386.jpg 3 264 423 18 20 280 395 22 21 171 404 23 23
samples/positive/n03134739_2662.jpg 1 206 167 18 17
samples/positive/n03134739_539.jpg 1 230 273 18 17
samples/positive/n03134739_4794.jpg 1 339 248 61 51
samples/positive/n03134739_2338.jpg 1 82 344 127 98
samples/positive/n03134739_4367.jpg 1 274 283 13 11
samples/positive/n03134739_1552.jpg 3 243 432 22 19 87 192 9 11 2 200 8 7
samples/positive/n03134739_3162.jpg 1 275 158 48 50
samples/positive/n03134739_5829.jpg 1 280 395 28 26
samples/positive/n03134739_7522.jpg 2 151 118 161 115 80 90 130 103
samples/positive/n03134739_7.jpg 3 191 296 46 43 368 333 55 47 346 294 39 41
samples/positive/n03134739_438.jpg 2 145 203 123 109 88 70 32 25
samples/positive/n03134739_333.jpg 1 366 331 24 23
samples/positive/n03134739_7527.jpg 3 125 416 17 17 197 433 20 20 177 416 24 22
samples/positive/n03134739_66.jpg 1 70 322 22 26
samples/positive/n03134739_1321.jpg 2 41 79 175 173 196 26 162 156
samples/positive/n03134739_220.jpg 1 59 125 145 145
samples/positive/n03134739_529.jpg 1 158 258 38 39
samples/positive/n03134739_8428.jpg 1 415 116 83 108
samples/positive/n03134739_802.jpg 4 291 285 22 13 258 452 34 23 287 172 11 11 325 491 27 7
samples/positive/n03134739_4881.jpg 2 215 210 75 67 150 213 68 59
samples/positive/n03134739_4011.jpg 1 217 135 99 94
samples/positive/n03134739_1901.jpg 3 45 437 23 23 42 358 19 17 66 423 21 24
samples/positive/n03134739_4936.jpg 1 271 432 61 61
samples/positive/n03134739_4620.jpg 1 116 297 26 27
samples/positive/n03134739_915.jpg 3 186 393 24 27 222 378 25 25 210 352 28 24
samples/positive/n03134739_709.jpg 1 67 0 167 43
samples/positive/n03134739_7913.jpg 2 204 348 18 18 203 333 17 17
samples/positive/n03134739_3010.jpg 1 467 352 29 22
samples/positive/n03134739_1789.jpg 1 128 417 29 28
samples/positive/n03134739_8200.jpg 1 201 251 22 17
samples/positive/n03134739_7934.jpg 6 379 138 104 103 262 151 91 89 128 163 64 74 183 158 81 81 37 173 53 63 88 170 48 63
samples/positive/n03134739_5644.jpg 2 241 218 25 28 180 361 32 34
samples/positive/n03134739_792.jpg 2 239 226 35 26 272 222 30 26
samples/positive/n03134739_5125.jpg 2 113 407 34 39 107 302 19 21
samples/positive/n03134739_906.jpg 2 369 275 19 17 238 263 18 14
samples/positive/n03134739_2403.jpg 1 173 140 113 90
samples/positive/n03134739_677.jpg 1 176 197 31 31
samples/positive/n03134739_706.jpg 2 362 231 31 30 403 259 31 32
samples/positive/n03134739_3468.jpg 1 2 0 496 497
samples/positive/n03134739_1388.jpg 4 237 245 23 25 351 213 19 17 277 234 24 24 314 227 21 13
samples/positive/n03134739_4023.jpg 1 257 320 19 20
samples/positive/n03134739_653.jpg 2 127 391 87 69 211 300 43 27
samples/positive/n03134739_679.jpg 1 153 150 97 99
samples/positive/n03134739_3404.jpg 3 234 233 36 36 443 91 31 23 163 25 24 20
samples/positive/n03134739_3020.jpg 1 30 469 22 19
samples/positive/n03134739_8003.jpg 3 236 451 20 22 210 448 26 25 322 311 16 14
samples/positive/n03134739_7228.jpg 2 173 306 76 72 172 190 67 55
samples/positive/n03134739_5290.jpg 1 178 417 25 24
samples/positive/n03134739_1046.jpg 1 342 212 20 22
samples/positive/n03134739_2341.jpg 2 95 181 23 24 45 342 23 15
samples/positive/n03134739_2741.jpg 2 324 234 24 19 211 208 11 11
samples/positive/n03134739_4939.jpg 1 137 332 20 20
samples/positive/n03134739_4189.jpg 1 160 206 117 120
samples/positive/n03134739_2444.jpg 1 189 115 146 146
samples/positive/n03134739_3869.jpg 1 135 339 27 25
samples/positive/n03134739_4790.jpg 1 253 241 16 15
samples/positive/n03134739_3447.jpg 1 72 185 44 42
samples/positive/n03134739_4889.jpg 1 303 271 21 21
samples/positive/n03134739_3438.jpg 1 89 195 72 77
samples/positive/n03134739_2943.jpg 1 298 345 24 15
samples/positive/n03134739_1348.jpg 1 124 108 37 31
samples/positive/n03134739_23.jpg 1 91 331 75 59
samples/positive/n03134739_513.jpg 1 199 282 41 37
samples/positive/n03134739_3362.jpg 1 178 135 105 97
samples/positive/n03134739_4748.jpg 1 221 441 28 29
samples/positive/n03134739_3311.jpg 1 169 279 24 23
samples/positive/n03134739_3093.jpg 2 347 280 31 31 85 277 20 24
samples/positive/n03134739_204.jpg 4 136 413 41 38 272 402 46 44 131 272 31 33 205 390 41 42
samples/positive/n03134739_4653.jpg 1 251 322 41 50
samples/positive/n03134739_8628.jpg 2 128 411 29 29 230 323 21 22
samples/positive/n03134739_1587.jpg 1 243 209 74 72
samples/positive/n03134739_1150.jpg 5 101 268 39 34 323 207 34 29 183 233 35 29 423 205 29 24 367 197 32 22
samples/positive/n03134739_9091.jpg 3 172 228 26 25 114 259 34 29 189 156 18 18
samples/positive/n03134739_7154.jpg 4 227 188 50 51 327 170 55 56 108 200 53 52 424 155 50 49
samples/positive/n03134739_6544.jpg 1 163 280 167 162
samples/positive/n03134739_721.jpg 1 105 381 30 25
samples/positive/n03134739_1074.jpg 1 204 131 106 90
samples/positive/n03134739_674.jpg 1 303 310 29 26
samples/positive/n03134739_1670.jpg 1 303 411 22 22
samples/positive/n03134739_5931.jpg 1 279 319 22 18
samples/positive/n03134739_1281.jpg 1 1 0 496 496
samples/positive/n03134739_3783.jpg 1 108 99 119 115
samples/positive/n03134739_7245.jpg 1 220 282 12 11
samples/positive/n03134739_7765.jpg 1 152 78 201 199
samples/positive/n03134739_1385.jpg 2 96 167 24 19 197 162 14 13
samples/positive/n03134739_1042.jpg 3 173 118 32 20 302 141 141 131 196 108 20 17
samples/positive/n03134739_1633.jpg 1 200 403 18 20
samples/positive/n03134739_4355.jpg 2 280 468 27 17 78 436 25 19
samples/positive/n03134739_3435.jpg 4 544 371 69 63 604 396 78 70 75 360 63 58 286 27 71 71
samples/positive/n03134739_4356.jpg 1 463 45 78 81
samples/positive/n03134739_1100.jpg 1 49 60 83 67
samples/positive/n03134739_3902.jpg 1 213 361 14 15
samples/positive/n03134739_5578.jpg 2 282 315 22 21 302 317 19 18
samples/positive/n03134739_2114.jpg 1 260 278 86 86
samples/positive/n03134739_4849.jpg 1 186 273 60 59
samples/positive/n03134739_2969.jpg 1 226 264 18 15
samples/positive/n03134739_1280.jpg 1 87 383 14 13
samples/positive/n03134739_3335.jpg 3 373 214 12 15 479 232 10 12 228 209 14 9
samples/positive/n03134739_1590.jpg 2 190 333 25 25 108 287 21 19
samples/positive/n03134739_3126.jpg 1 110 303 11 10
samples/positive/n03134739_1855.jpg 1 275 281 36 37
samples/positive/n03134739_2757.jpg 1 198 288 13 11
samples/positive/n03134739_4370.jpg 1 141 403 22 25
samples/positive/n03134739_1645.jpg 3 181 271 14 13 267 299 16 13 277 276 15 16
samples/positive/n03134739_4798.jpg 4 297 361 49 44 5 337 51 48 80 345 47 43 62 342 35 35
samples/positive/n03134739_617.jpg 1 138 58 47 44
samples/positive/n03134739_4861.jpg 1 114 360 51 43
samples/positive/n03134739_4381.jpg 2 215 423 17 17 227 435 16 20
samples/positive/n03134739_7236.jpg 2 197 353 11 13 332 305 13 13
samples/positive/n03134739_4827.jpg 2 240 330 28 23 227 292 24 21
samples/positive/n03134739_745.jpg 2 101 470 19 18 0 455 13 20
samples/positive/n03134739_3208.jpg 3 311 92 79 70 73 122 78 66 287 38 65 50
samples/positive/n03134739_4264.jpg 1 101 236 231 250
samples/positive/n03134739_4414.jpg 1 236 110 44 41
samples/positive/n03134739_4322.jpg 1 188 340 34 29
samples/positive/n03134739_935.jpg 1 175 139 112 94
samples/positive/n03134739_5230.jpg 2 32 366 25 22 117 379 23 22
samples/positive/n03134739_5562.jpg 1 192 252 17 16
samples/positive/n03134739_1847.jpg 1 118 291 194 199
samples/positive/n03134739_728.jpg 1 247 268 21 20
samples/positive/n03134739_5586.jpg 1 345 247 20 24
samples/positive/n03134739_6493.jpg 4 313 174 37 29 366 149 25 19 336 167 22 22 341 159 31 27
samples/positive/n03134739_2293.jpg 1 100 137 173 164
samples/positive/n03134739_2870.jpg 4 90 231 14 15 142 218 17 14 116 221 17 19 141 210 15 10
samples/positive/n03134739_1833.jpg 2 497 886 40 40 698 840 51 33
samples/positive/n03134739_2626.jpg 1 161 421 41 30
samples/positive/n03134739_9126.jpg 1 121 350 93 67
samples/positive/n03134739_8915.jpg 1 308 206 11 10
samples/positive/n03134739_3129.jpg 1 126 345 79 63
samples/positive/n03134739_767.jpg 1 163 196 37 29
samples/positive/n03134739_1345.jpg 1 326 281 19 23
samples/positive/n03134739_4578.jpg 1 216 256 28 30
